match,insertion,deletion,soft_clipping,NM,lengths,INS_readLength,DEL_readLength,NM_INS_DEL
2621483,1506,1226,23344381.0,4990,2622989,0.0005741541424687637,0.0004674056963258329,2258
49272,213,398,0.0,850,49485,0.004304334646862686,0.008042841265029807,239
63200,37,95,0.0,243,63237,0.0005851004949633916,0.0015022850546357355,111
42035,435,608,5925.0,2589,42470,0.010242524134683306,0.014315987756063103,1546
379038,230,270,86895.0,1096,379268,0.0006064313361527997,0.0007118976554837213,596
108476,5014,6019,52624.0,14652,113490,0.04418010397391841,0.05303550973654066,3619
36609,1021,1924,2594.0,4085,37630,0.027132606962529896,0.051129418017539195,1140
44039,291,501,14050.0,2083,44330,0.006564403338596887,0.01130160162418227,1291
67380,255,341,6341.0,5821,67635,0.003770237303171435,0.005041768315221409,5225
10364,41,690,14.0,904,10405,0.003940413262854397,0.06631427198462278,173
79018,1506,1670,63.0,7996,80524,0.018702498633947642,0.02073915851174805,4820
87171,1688,1466,286.0,8844,88859,0.01899638753530875,0.01649804746846127,5690
40271,245,250,0.0,1499,40516,0.006046993780234969,0.0061704018165662945,1004
15737,546,197,1727.0,1386,16283,0.03353190444021372,0.012098507646011177,643
38876,400,585,2593.0,2223,39276,0.010184336490477645,0.014894592117323557,1238
26183,356,29,1192.0,763,26539,0.013414220581031689,0.0010927314518256151,378
34607,695,152,16.0,1268,35302,0.019687269843068383,0.004305705059203444,421
39748,1044,380,0.0,2207,40792,0.025593253579133165,0.009315552069033143,783
22750,459,111,24679.0,1317,23209,0.019776810719979318,0.004782627429014606,747
17665,22,51,19438.0,643,17687,0.0012438514162944536,0.002883473737773506,570
23049,437,288,238.0,1191,23486,0.01860682960061313,0.012262624542280507,466
28181,362,92,26370.0,1294,28543,0.01268261920611008,0.0032232070910556,840
10860,14,1161,4369.0,1541,10874,0.0012874747103181902,0.10676843847710134,366
9370,12,16,0.0,101,9382,0.0012790449797484545,0.0017053933063312726,73
12956,38,281,0.0,452,12994,0.0029244266584577496,0.021625365553332308,133
22317,728,200,0.0,1660,23045,0.0315903666738989,0.008678672163159037,732
2620,9,198,10236.0,271,2629,0.003423354887790034,0.07531380753138076,64
24022,408,177,7349.0,1326,24430,0.016700777732296355,0.007245190339746213,741
22277,289,286,39759.0,1823,22566,0.012806877603474253,0.012673934237348222,1248
36354,468,443,4290.0,1903,36822,0.012709793058497638,0.01203085112161208,992
13202,194,29,11732.0,1069,13396,0.014481934905942071,0.0021648253209913407,846
25962,242,498,4940.0,1236,26204,0.009235231262402686,0.019004732101969166,496
27861,549,149,15023.0,1667,28410,0.019324181626187962,0.005244632171770503,969
20103,389,83,10578.0,987,20492,0.018983017763029474,0.004050361116533281,515
22250,584,292,3859.0,1709,22834,0.025575895594289216,0.012787947797144608,833
23445,436,268,8172.0,2656,23881,0.01825719190988652,0.011222310623508229,1952
35049,354,173,26539.0,1259,35403,0.009999152614185238,0.004886591531791091,732
10661,169,90,15720.0,496,10830,0.015604801477377655,0.008310249307479225,237
47993,481,431,24173.0,3041,48474,0.009922845236621694,0.008891364442794075,2129
38927,83,58,0.0,196,39010,0.002127659574468085,0.0014867982568572162,55
45328,97,185,11.0,1097,45425,0.002135388002201431,0.004072647220693451,815
49187,15,22,15670.0,187,49202,0.00030486565586764766,0.0004471362952725499,150
14266,426,969,121.0,2146,14692,0.028995371630819493,0.06595426082221617,751
34812,140,144,17693.0,1339,34952,0.00400549324788281,0.004119935912108034,1055
26988,109,133,26329.0,1095,27097,0.004022585526072997,0.0049082924308964096,853
37383,39,29,0.0,103,37422,0.0010421677088343754,0.0007749452193896639,35
36159,14,27,2437.0,64,36173,0.0003870289995300362,0.0007464130705222127,23
16759,52,175,10138.0,424,16811,0.0030932127773481647,0.010409850692998632,197
103527,559,321,133201.0,1127,104086,0.00537055896085929,0.0030839882404934383,247
71766,356,478,88611.0,2144,72122,0.004936080530212695,0.006627658689442888,1310
38148,40,135,0.0,365,38188,0.0010474494605635278,0.0035351419294019065,190
31792,109,171,23823.0,1574,31901,0.003416820789316949,0.005360333531864205,1294
77032,935,778,19021.0,2589,77967,0.011992253132735645,0.009978580681570409,876
90013,468,904,561.0,3090,90481,0.00517235662735823,0.009991047844298804,1718
36271,262,155,463446.0,1514,36533,0.0071715982810062135,0.004242739441053294,1097
85137,56,99,152116.0,848,85193,0.0006573310013733523,0.0011620673059993191,693
56807,139,609,68655.0,1700,56946,0.002440908931268219,0.010694342008218312,952
30796,169,379,2531.0,1736,30965,0.005457774907153237,0.012239625383497496,1188
26120,133,109,207761.0,1774,26253,0.005066087685216928,0.004151906448786805,1532
18096,113,238,13415.0,1340,18209,0.006205722444944808,0.013070459662804108,989
38132,802,533,191.0,3275,38934,0.020598962346535164,0.013689834078183593,1940
49130,323,319,20961.0,2257,49453,0.006531454107940873,0.006450569227347178,1615
15619,707,570,6150.0,1338,16326,0.04330515741761607,0.03491363469312753,61
155890,181,335,51680.0,563,156071,0.0011597285850670528,0.002146458983411396,47
26677,44,90,0.0,161,26721,0.001646644960892182,0.003368137420006736,27
32693,19,76,0.0,98,32712,0.0005808266079726094,0.0023233064318904377,3
33394,329,241,61267.0,1945,33723,0.00975595291047653,0.0071464579070663935,1375
49188,20,200,0.0,263,49208,0.00040643797756462365,0.004064379775646236,43
111407,24,84,0.0,197,111431,0.0002153799212068455,0.0007538297242239593,89
105851,55,113,7477.0,316,105906,0.0005193284610881348,0.0010669839291447133,148
189109,310,501,280495.0,1094,189419,0.0016365834472782561,0.002644930022859375,283
30581,162,439,357.0,2043,30743,0.005269492242136421,0.014279673421591907,1442
7978,24,47,0.0,78,8002,0.0029992501874531365,0.0058735316170957265,7
1166,96,100,40574.0,315,1262,0.07606973058637084,0.07923930269413629,119
3792924,1501,1433,27416388.0,5276,3794425,0.00039558035802526073,0.00037765932914736753,2342
32444,89,122,5111.0,271,32533,0.0027356837672517136,0.003750038422524821,60
319053,398,579,1029052.0,1420,319451,0.0012458874757004987,0.001812484543795449,443
163312,311,169,624277.0,764,163623,0.0019007107802692775,0.0010328621281849128,284
65198,1327,916,197160.0,2666,66525,0.01994738819992484,0.013769259676813228,423
218599,1530,1058,720116.0,3172,220129,0.006950469951710133,0.004806272685561648,584
