match,insertion,deletion,soft_clipping,NM,lengths,INS_readLength,DEL_readLength,NM_INS_DEL
170869,339,323,557538.0,694,171208,0.001980047661324237,0.00188659408438858,32
522523,999,436,845494.0,2122,523522,0.0019082292625715825,0.0008328207792604705,687
24809,61,108,0.0,233,24870,0.00245275432247688,0.004342581423401689,64
1268344,946,795,11364924.0,3074,1269290,0.0007452985527342058,0.0006263344074246232,1333
42482,53,46,19249.0,238,42535,0.0012460326789702598,0.001081462325143999,139
15243,14,197,2.0,256,15257,0.0009176115881234843,0.012912105918594744,45
113021,272,113,0.0,623,113293,0.002400854421720671,0.0009974137854942495,238
29667,16,116,0.0,147,29683,0.0005390290738806724,0.003907960785634875,15
33052,14,8,25395.0,41,33066,0.0004233956329764713,0.00024194036170084075,19
92474,51,52,34486.0,175,92525,0.0005512023777357471,0.0005620102674952715,72
58676,60,163,0.0,286,58736,0.0010215200217924272,0.002775129392536094,63
835445,678,424,72060.0,1621,836123,0.0008108854797679288,0.0005071024239256664,519
44778,53,143,0.0,221,44831,0.0011822176618857486,0.003189757087729473,25
27221,17,66,12984.0,108,27238,0.0006241280563918056,0.0024230853954034805,25
7712,24,53,6112.0,88,7736,0.0031023784901758012,0.006851085832471561,11
30009,76,28,5078.0,143,30085,0.0025261758351337875,0.000930696360312448,39
72903,26,43,0.0,122,72929,0.00035651112726076047,0.0005896145566235654,53
164553,52,241,0.0,428,164605,0.0003159077792290635,0.0014641110537346983,135
83028,90,179,89.0,462,83118,0.0010827979499025483,0.0021535648114728457,193
49912,45,42,0.0,104,49957,0.0009007746662129431,0.0008407230217987469,17
581918,554,769,925389.0,2160,582472,0.0009511186803829197,0.0013202351357661827,837
103672,365,269,62619.0,882,104037,0.0035083672155098665,0.002585618578005902,248
145721,309,163,0.0,754,146030,0.0021160035609121414,0.0011162089981510649,282
25399,14,84,0.0,150,25413,0.0005508991461063235,0.003305394876637941,52
49013,75,100,29367.0,350,49088,0.0015278683181225554,0.0020371577574967406,175
1110259,748,638,1364469.0,2477,1111007,0.0006732630847510412,0.0005742538075817704,1091
33320,83,153,16.0,271,33403,0.0024848067538843816,0.004580426907762776,35
19198,60,123,0.0,210,19258,0.0031155883269290683,0.0063869560702045905,27
58505,53,167,0.0,256,58558,0.0009050855562006899,0.002851873356330476,36
104825,46,273,0.0,348,104871,0.0004386341314567421,0.0026031982149497955,29
51490,231,405,10583.0,1136,51721,0.004466270953771195,0.007830475048819629,500
530887,89,76,0.0,248,530976,0.00016761586211052853,0.00014313264629663112,83
28269,37,115,0.0,170,28306,0.0013071433618314138,0.004062742881367908,18
46478,78,25,25145.0,152,46556,0.0016754016668098634,0.00053698771372111,49
29139,17,34,2.0,71,29156,0.0005830703800246947,0.0011661407600493895,20
51438,41,42,0.0,116,51479,0.0007964412673128849,0.0008158666640766137,33
30137,19,33,3.0,59,30156,0.0006300570367422736,0.0010943095901313172,7
36779,13,49,0.0,83,36792,0.00035333768210480537,0.0013318112633181126,21
12983,19,13,0.0,38,13002,0.0014613136440547608,0.000999846177511152,6
1115605,1281,1180,4283711.0,3637,1116886,0.001146938899762375,0.0010565089006398145,1176
30177,380,298,4257.0,838,30557,0.012435775763327552,0.009752266256504239,160
400869,303,270,220872.0,964,401172,0.0007552870090634441,0.0006730280278783165,391
15323,33,211,30.0,290,15356,0.002148997134670487,0.013740557436832508,46
132221,119,509,0.0,725,132340,0.0008991990327943177,0.0038461538461538464,97
19101,30,38,0.0,77,19131,0.0015681354869060686,0.0019863049500810203,9
465652,539,659,373627.0,1857,466191,0.0011561784762039594,0.0014135837028170857,659
74245,29,28,0.0,57,74274,0.00039044618574467514,0.0003769825241672725,0
76696,247,979,22321.0,1727,76943,0.003210168566341318,0.012723704560518826,501
66457,140,229,28148.0,593,66597,0.002102196795651456,0.0034385933300298812,224
38560,20,28,0.0,57,38580,0.0005184033177812338,0.0007257646448937273,9
22529,21,39,3.0,68,22550,0.0009312638580931264,0.001729490022172949,8
633767,561,254,9953.0,1062,634328,0.0008844004994261644,0.00040042375553341487,247
32949,299,1197,0.0,1945,33248,0.008993022136669875,0.03600216554379211,449
72019,533,587,0.0,1696,72552,0.007346454956445032,0.00809074870437755,576
1207394,815,892,616875.0,2630,1208209,0.0006745521677127053,0.000738282863312556,923
45177,208,240,11226.0,736,45385,0.00458301200837281,0.005288090778891704,288
36363,86,245,0.0,567,36449,0.002359461164915361,0.006721720760514692,236
115538,23,108,0.0,172,115561,0.0001990290842066095,0.000934571351926688,41
20323,36,46,0.0,104,20359,0.0017682597377081388,0.002259442998182622,22
42470,15,15,0.0,33,42485,0.00035306578792515005,0.00035306578792515005,3
28066,794,17,9525.0,860,28860,0.02751212751212751,0.000589050589050589,49
38795,33,20,0.0,65,38828,0.0008499021324817142,0.0005150922015040693,12
92660,633,919,42506.0,3255,93293,0.006785074978830137,0.009850685474794466,1703
52317,36,104,0.0,152,52353,0.0006876396768093519,0.0019865146218936832,12
211562,57,511,558961.0,704,211619,0.0002693519958037794,0.0024147170150128298,136
138816,219,142,11741.0,828,139035,0.001575142949617003,0.0010213255655050887,467
91342,117,232,0.0,553,91459,0.0012792617457002592,0.002536655769251796,204
53370,26,113,0.0,348,53396,0.00048692785976477636,0.0021162633905161435,209
38902,70,53,0.0,311,38972,0.001796161346607821,0.0013599507338602074,188
150863,645,1576,0.0,3073,151508,0.004257200939884362,0.010402090978694194,852
41375,7,22,25050.0,35,41382,0.00016915567154801605,0.000531632110579479,6
52991,15,205,24768.0,234,53006,0.0002829868316794325,0.0038674866996189113,14
40139,202,65,0.0,397,40341,0.0050073126595771055,0.0016112639746163953,130
12249,58,90,0.0,158,12307,0.004712765093036484,0.007312911351263509,10
16867,23,29,0.0,59,16890,0.0013617525162818236,0.0017169923031379515,7
216083,464,547,217797.0,1925,216547,0.002142721903328146,0.0025260105196562408,914
68294,7,73,0.0,96,68301,0.00010248751848435602,0.0010687984070511412,16
25300,30,53,0.0,97,25330,0.0011843663639952626,0.0020923805763916306,14
46481,67,116,0.0,235,46548,0.0014393744092119963,0.002492051215949128,52
121326,32,18,65430.0,81,121358,0.00026368265792119187,0.00014832149508067042,31
15970,315,416,16262.0,2414,16285,0.01934295363831747,0.02554498004298434,1683
96974,26,40,11907.0,561,97000,0.00026804123711340205,0.0004123711340206186,495
35122,27,43,0.0,93,35149,0.0007681584113346041,0.0012233633958291844,23
57140,75,132,1617.0,462,57215,0.0013108450581141308,0.0023070873022808702,255
37495,133,277,0.0,491,37628,0.0035346018922079304,0.007361539279260126,81
34423,28,35,0.0,88,34451,0.0008127485414066355,0.0010159356767582943,25
639753,136,227,1187792.0,991,639889,0.00021253686186197918,0.0003547490267843329,628
49608,36,235,38799.0,286,49644,0.0007251631617113851,0.0047337039722826525,15
19566,36,45,0.0,89,19602,0.0018365472910927456,0.002295684113865932,8
40001,14,216,295.0,546,40015,0.0003498687992002999,0.005397975759090341,316
14698,9,397,12.0,490,14707,0.0006119534915346433,0.026993948459917046,84
35626,170,403,0.0,796,35796,0.004749133981450442,0.01125824114426193,223
39183,960,1926,0.0,3833,40143,0.023914505642328675,0.047978476944921904,947
49011,30,29,0.0,416,49041,0.0006117330397014743,0.0005913419383780918,357
56060,423,1898,123.0,3647,56483,0.007488978984827293,0.03360303100047802,1326
5264,5,87,867.0,108,5269,0.0009489466691971911,0.016511672044031124,16
14535,81,91,0.0,230,14616,0.005541871921182266,0.006226053639846743,58
5664,16,20,5679.0,66,5680,0.0028169014084507044,0.0035211267605633804,30
17130,49,439,1258.0,939,17179,0.0028523196926480004,0.025554456021887186,451
9486,6,65,0.0,126,9492,0.0006321112515802782,0.0068478718921196795,55
90045,3293,4523,0.0,9805,93338,0.03528037883820095,0.048458291371145726,1989
23504,31,167,4681.0,1255,23535,0.0013171871680475887,0.0070958147439983,1057
86979,762,1431,0.0,3972,87741,0.008684651417239375,0.016309365063083392,1779
1398027,616,555,1773441.0,2021,1398643,0.0004404268995018743,0.0003968131967914614,850
16893,210,457,81903.0,977,17103,0.012278547623223996,0.026720458399111267,310
16635,187,715,64373.0,1248,16822,0.01111639519676614,0.04250386398763524,346
16897,210,453,56152.0,1022,17107,0.012275676623604372,0.026480388145203718,359
16887,207,463,34779.0,993,17094,0.012109512109512109,0.027085527085527087,323
16885,210,465,21610.0,1013,17095,0.012284293653114946,0.027200935946183096,338
14147,173,443,24607.0,933,14320,0.012081005586592178,0.030935754189944133,317
10203,277,394,23866.0,999,10480,0.026431297709923664,0.03759541984732825,328
10178,293,419,18621.0,1009,10471,0.027982045649890173,0.04001528029796581,297
16907,206,443,95683.0,1009,17113,0.012037632209431427,0.025886752761058843,360
16604,183,467,63680.0,1011,16787,0.01090129266694466,0.02781914576755823,361
13223,186,533,19988.0,989,13409,0.013871280483257514,0.039749422029979865,270
6813,14,227,47901.0,397,6827,0.0020506811190859823,0.033250329573751285,156
10206,277,391,40352.0,992,10483,0.026423733664027473,0.037298483258609176,324
9085,193,452,18652.0,817,9278,0.020801896960551843,0.048717395990515194,172
15901,155,520,31264.0,1038,16056,0.009653712007972097,0.03238664673642252,363
15979,202,442,26190.0,990,16181,0.012483777269637229,0.027315987887027996,346
15963,195,458,78324.0,962,16158,0.012068325287783142,0.02834509221438297,309
7854,153,454,45973.0,797,8007,0.01910828025477707,0.05670038716123392,190
15982,202,439,28327.0,1001,16184,0.012481463173504697,0.02712555610479486,360
5876,15,224,6959.0,369,5891,0.002546257002206756,0.038024104566287555,130
15904,200,406,61324.0,956,16104,0.012419274714356682,0.025211127670144065,350
15905,200,405,23069.0,956,16105,0.012418503570319777,0.025147469729897547,351
6791,130,633,149264.0,915,6921,0.018783412801618264,0.09146077156480277,152
5300,3,218,55206.0,363,5303,0.0005657175183858194,0.041108806336036204,142
4879,3,127,48623.0,265,4882,0.0006145022531749283,0.02601392871773863,135
15349,194,479,33383.0,973,15543,0.0124815029273628,0.03081773145467413,300
5352,49,166,31951.0,369,5401,0.009072394001110906,0.030735049064987967,154
7662,157,353,39890.0,700,7819,0.02007929402736923,0.04514643816344801,190
5251,3,267,34150.0,393,5254,0.0005709935287400076,0.050818424057860676,123
15379,195,449,22178.0,999,15574,0.012520868113522538,0.02883010145113651,355
4878,3,128,49663.0,270,4881,0.0006146281499692685,0.026224134398688793,139
6780,130,644,60369.0,944,6910,0.01881331403762663,0.09319826338639653,170
5300,3,218,29993.0,363,5303,0.0005657175183858194,0.041108806336036204,142
5349,3,169,47286.0,328,5352,0.0005605381165919282,0.03157698056801196,156
5300,3,218,34648.0,363,5303,0.0005657175183858194,0.041108806336036204,142
5296,5,222,16631.0,369,5301,0.0009432182607055273,0.04187889077532541,142
15380,195,448,17940.0,998,15575,0.012520064205457464,0.028764044943820226,355
6799,130,596,144085.0,878,6929,0.01876172607879925,0.08601529802280271,152
6771,132,624,116065.0,916,6903,0.01912212081703607,0.0903954802259887,160
5319,3,170,101120.0,303,5322,0.0005636978579481398,0.03194287861706126,130
5265,4,224,83887.0,381,5269,0.0007591573353577528,0.04251281078003416,153
5319,3,170,87633.0,323,5322,0.0005636978579481398,0.03194287861706126,150
6799,130,596,80103.0,905,6929,0.01876172607879925,0.08601529802280271,179
5319,3,170,79543.0,305,5322,0.0005636978579481398,0.03194287861706126,132
5319,3,170,69428.0,333,5322,0.0005636978579481398,0.03194287861706126,160
6801,135,594,68704.0,907,6936,0.019463667820069204,0.08564013840830449,178
5320,3,169,65684.0,302,5323,0.0005635919594213789,0.03174901371407101,130
6787,130,608,56305.0,916,6917,0.018794274974700015,0.08789937834321238,178
5315,3,174,59705.0,312,5318,0.0005641218503196691,0.0327190673185408,135
5263,3,226,52596.0,352,5266,0.000569692366122294,0.042916824914546146,123
5318,3,171,55918.0,323,5321,0.0005638037962788949,0.03213681638789701,149
5318,3,171,50399.0,301,5321,0.0005638037962788949,0.03213681638789701,127
5264,3,225,50822.0,351,5267,0.000569584203531422,0.04271881526485666,123
5256,3,233,26944.0,361,5259,0.0005704506560182544,0.04430500095075109,125
5320,3,169,43180.0,303,5323,0.0005635919594213789,0.03174901371407101,131
5314,3,175,41295.0,312,5317,0.0005642279480910288,0.03291329697197668,134
4191,2,16,4008.0,131,4193,0.0004769854519437157,0.0038158836155497257,113
5320,3,169,41676.0,304,5323,0.0005635919594213789,0.03174901371407101,132
5314,4,175,37549.0,304,5318,0.000752162467092892,0.032907107935314026,125
5310,3,179,39182.0,301,5313,0.000564652738565782,0.03369094673442499,119
6958,205,437,34667.0,831,7163,0.028619293592070362,0.0610079575596817,189
5320,3,169,35129.0,304,5323,0.0005635919594213789,0.03174901371407101,132
5320,3,169,34306.0,313,5323,0.0005635919594213789,0.03174901371407101,141
6787,130,608,31403.0,917,6917,0.018794274974700015,0.08789937834321238,179
5225,3,264,31326.0,404,5228,0.0005738332058148432,0.0504973221117062,137
5271,3,218,30718.0,361,5274,0.0005688282138794084,0.04133485020857035,140
6965,130,430,29823.0,738,7095,0.018322762508809022,0.06060606060606061,178
5320,3,169,29672.0,303,5323,0.0005635919594213789,0.03174901371407101,131
5320,3,169,26612.0,302,5323,0.0005635919594213789,0.03174901371407101,130
15479,297,320,16724.0,1011,15776,0.018826064908722108,0.02028397565922921,394
5319,3,170,25592.0,299,5322,0.0005636978579481398,0.03194287861706126,126
5320,3,169,22175.0,298,5323,0.0005635919594213789,0.03174901371407101,126
5313,3,176,23468.0,308,5316,0.000564334085778781,0.03310759969902182,129
5254,3,235,22504.0,360,5257,0.0005706676811869887,0.04470230169298079,122
5268,3,221,22238.0,378,5271,0.0005691519635742744,0.041927527983304874,154
5318,4,171,17571.0,314,5322,0.000751597143930853,0.032130777903043965,139
5317,3,172,12638.0,307,5320,0.0005639097744360903,0.032330827067669175,132
5320,3,169,76321.0,324,5323,0.0005635919594213789,0.03174901371407101,152
5320,3,169,57947.0,324,5323,0.0005635919594213789,0.03174901371407101,152
15408,315,391,73106.0,1098,15723,0.02003434459072696,0.024868027730076958,392
5320,3,169,53217.0,314,5323,0.0005635919594213789,0.03174901371407101,142
3858,23,12,31242.0,162,3881,0.0059263076526668386,0.003091986601391394,127
5320,3,169,51118.0,320,5323,0.0005635919594213789,0.03174901371407101,148
5270,3,219,49407.0,368,5273,0.0005689360895126114,0.04153233453442064,146
6611,130,300,52545.0,593,6741,0.019284972556000594,0.04450378282153983,163
6785,209,312,18903.0,701,6994,0.029882756648555903,0.04460966542750929,180
3923,3,14,48965.0,152,3926,0.0007641365257259297,0.003565970453387672,135
5316,4,173,45361.0,318,5320,0.0007518796992481203,0.032518796992481204,141
4899,3,78,14521.0,237,4902,0.0006119951040391676,0.01591187270501836,156
5320,3,169,32788.0,320,5323,0.0005635919594213789,0.03174901371407101,148
5268,3,221,30943.0,377,5271,0.0005691519635742744,0.041927527983304874,153
3859,24,11,11913.0,162,3883,0.006180788050476436,0.0028328611898017,127
5320,5,169,23692.0,315,5325,0.0009389671361502347,0.031737089201877934,141
5297,3,169,75108.0,299,5300,0.0005660377358490566,0.03188679245283019,127
6651,130,697,30404.0,991,6781,0.019171213685297155,0.1027871995280932,164
4875,4,79,25342.0,245,4879,0.000819840131174421,0.016191842590694814,162
6776,130,594,97489.0,875,6906,0.018824210831161307,0.08601216333622937,151
4859,16,284,33806.0,410,4875,0.003282051282051282,0.058256410256410256,110
5361,22,445,23709.0,588,5383,0.0040869403678246334,0.08266765744008917,121
4999,8,13,91722.0,166,5007,0.001597763131615738,0.0025963650888755742,145
5000,8,12,59666.0,167,5008,0.001597444089456869,0.0023961661341853034,147
4884,49,68,50299.0,255,4933,0.009933103588080276,0.013784715183458342,138
5250,49,190,43517.0,362,5299,0.009247027741083224,0.03585582185317984,123
4858,59,94,37185.0,283,4917,0.011999186495830792,0.019117347976408378,130
5271,29,169,46453.0,323,5300,0.005471698113207547,0.03188679245283019,125
6686,143,636,26973.0,947,6829,0.020940108361399912,0.09313223019475765,168
5218,3,218,48445.0,356,5221,0.0005746025665581306,0.04175445316989083,135
5117,4,277,13310.0,390,5121,0.0007810974419058778,0.054090997851982035,109
5173,3,221,52009.0,347,5176,0.000579598145285935,0.042697063369397215,123
5211,3,183,60601.0,321,5214,0.0005753739930955121,0.035097813578826235,135
6365,31,171,93785.0,332,6396,0.00484677923702314,0.02673545966228893,130
7197,152,243,114190.0,577,7349,0.020683086134167913,0.03306572322765002,182
7162,156,273,73251.0,611,7318,0.0213172998086909,0.037305274665209075,182
5071,8,172,76684.0,282,5079,0.0015751132112620594,0.03386493404213428,102
5051,61,192,77786.0,353,5112,0.011932707355242567,0.03755868544600939,100
7197,152,243,20402.0,585,7349,0.020683086134167913,0.03306572322765002,190
6938,230,363,20122.0,765,7168,0.03208705357142857,0.05064174107142857,172
7185,175,255,9443.0,616,7360,0.02377717391304348,0.034646739130434784,186
5041,4,202,20105.0,292,5045,0.0007928642220019821,0.0400396432111001,86
3561,23,63,13513.0,163,3584,0.006417410714285714,0.017578125,77
4919,26,319,17585.0,463,4945,0.0052578361981799795,0.06450960566228514,118
12222,164,405,114940.0,832,12386,0.013240755691910222,0.03269820765380268,263
5988,130,591,157723.0,845,6118,0.02124877410918601,0.09660019614253024,124
6523,154,246,9830.0,568,6677,0.023064250411861616,0.03684289351505167,168
11209,167,608,44971.0,1027,11376,0.014680028129395218,0.053445850914205346,252
11524,226,497,51977.0,980,11750,0.01923404255319149,0.042297872340425535,257
11506,162,437,37264.0,849,11668,0.013884127528282482,0.03745286252999657,250
4246,36,172,2400.0,282,4282,0.008407286314806165,0.04016814572629612,74
5688,130,586,45140.0,829,5818,0.02234444826400825,0.10072189755929872,113
5686,131,588,34880.0,832,5817,0.022520199415506276,0.10108303249097472,113
5688,130,586,28881.0,830,5818,0.02234444826400825,0.10072189755929872,114
4133,8,192,14817.0,276,4141,0.001931900507123883,0.046365612170973194,76
3510,5,133,3097.0,238,3515,0.001422475106685633,0.03783783783783784,100
2163,1,10,13481.0,86,2164,0.0004621072088724584,0.0046210720887245845,75
3184,19,3,40559.0,91,3203,0.005931938807368093,0.0009366219169528567,69
3071,110,75,30259.0,253,3181,0.034580320653882425,0.023577491354919836,68
4773,138,282,7507.0,512,4911,0.028100183262064753,0.05742211362248015,92
13088,187,424,36995.0,901,13275,0.01408662900188324,0.03193973634651601,290
12625,162,529,116167.0,1181,12787,0.012669117072026276,0.04137014155001173,490
4227,130,127,30078.0,339,4357,0.02983704383750287,0.029148496672022035,82
3096,22,194,6822.0,264,3118,0.007055805003207184,0.062219371391917896,48
3388,134,193,12033.0,384,3522,0.0380465644520159,0.05479840999432141,57
10333,179,354,32049.0,763,10512,0.017028158295281582,0.03367579908675799,230
7973,39,110,102745.0,318,8012,0.004867698452321518,0.013729405891163254,169
8330,145,172,55334.0,505,8475,0.01710914454277286,0.020294985250737464,188
7986,31,97,155708.0,299,8017,0.0038667830859423725,0.01209928901085194,171
8573,50,110,98143.0,343,8623,0.0057984460164675865,0.01275658123622869,183
8558,57,125,31676.0,374,8615,0.006616366802089379,0.014509576320371444,192
8563,79,120,46536.0,381,8642,0.009141402453135848,0.01388567461235825,182
8582,50,101,20830.0,342,8632,0.0057924003707136235,0.01170064874884152,191
7249,426,135,55262.0,707,7675,0.05550488599348534,0.01758957654723127,146
2466,2,75,21479.0,153,2468,0.0008103727714748784,0.030388978930307942,76
6913726,11583,10841,2185516.0,32095,6925309,0.001672560747830891,0.001565417514222109,9671
1892030,932,877,9549726.0,2942,1892962,0.0004923500841538288,0.00046329508991728305,1133
70281,235,179,8571.0,832,70516,0.003332577003800556,0.0025384309943842533,418
20109,156,171,1006.0,506,20265,0.0076980014803849,0.00843819393042191,179
759392,633,345,212354.0,1419,760025,0.0008328673398901352,0.00045393243643301206,441
68614,30,33,0.0,101,68644,0.0004370374686789814,0.0004807412155468796,38
2090236,1545,1190,9545047.0,4545,2091781,0.0007386050451744232,0.0005688932063155751,1810
879626,939,666,5437977.0,3227,880565,0.001066360802439343,0.0007563325819218343,1622
208700,358,557,698309.0,1362,209058,0.0017124434367496101,0.0026643323862277453,447
210237,525,585,20776.0,1640,210762,0.0024909613687476868,0.002775642668033137,530
40013,104,96,19321.0,434,40117,0.0025924171797492334,0.002393000473614677,234
65275,411,155,0.0,1155,65686,0.006257041074201504,0.0023597113540175987,589
40432,399,80,0.0,948,40831,0.009771986970684038,0.0019592956332198574,469
47416,65,231,51313.0,448,47481,0.001368968640087614,0.004865103936311367,152
