match,insertion,deletion,soft_clipping,NM,lengths,INS_readLength,DEL_readLength,NM_INS_DEL
8570,55,277,0.0,360,8625,0.006376811594202898,0.03211594202898551,28
1153738,3500,3551,2132205.0,9298,1157238,0.003024442681626424,0.003068513132130124,2247
87328,112,142,0.0,787,87440,0.0012808783165599268,0.0016239707227813358,533
796497,746,726,0.0,2701,797243,0.0009357247413900153,0.0009106382871972536,1229
66339,295,477,5982.0,1365,66634,0.004427169312963352,0.007158507668757691,593
24630,15,28,18002.0,122,24645,0.0006086427267194157,0.0011361330898762426,79
1146364,633,476,8833597.0,2533,1146997,0.0005518758985420189,0.0004149967262338088,1424
1733501,458,805,35202544.0,2532,1733959,0.0002641354265008573,0.00046425549854408325,1269
19042,40,40,0.0,96,19082,0.002096216329525207,0.002096216329525207,16
228613,86,34,41643.0,216,228699,0.0003760401226065702,0.00014866702521655102,96
157364,82,124,0.0,341,157446,0.0005208134852584378,0.000787571611854223,135
61933,49,38,45929.0,175,61982,0.0007905520957697396,0.0006130812171275532,88
36010,3,5,0.0,352,36013,8.33032516035876e-05,0.00013883875267264599,344
18527,70,72,0.0,298,18597,0.0037640479647254935,0.003871592192289079,156
23016,15,49,0.0,261,23031,0.0006512960791976032,0.002127567192045504,197
35804,1834,1735,300.0,4251,37638,0.04872735001859822,0.04609702959774696,682
38186,2501,1931,0.0,5047,40687,0.06146926536731634,0.04745987661906752,615
36689,14,27,0.0,390,36703,0.0003814402092472005,0.0007356346892624581,349
38444,7,13,0.0,430,38451,0.0001820498816675769,0.00033809263738264283,410
76822,289,152,0.0,1148,77111,0.003747844017066307,0.0019711843965193035,707
34989,647,49,2574.0,1118,35636,0.01815579750813784,0.001375014030755416,422
33564,6,9,0.0,342,33570,0.00017873100983020553,0.00026809651474530834,327
16382,48,22,0.0,219,16430,0.0029214850882531953,0.0013390139987827145,149
43865,45,176,0.0,632,43910,0.0010248235026189933,0.0040081985880209515,411
35653,552,117,0.0,1041,36205,0.015246512912581136,0.003231597845601436,372
37322,75,44,0.0,454,37397,0.002005508463245715,0.0011765649651041528,335
26352,8,7,0.0,257,26360,0.00030349013657056146,0.0002655538694992413,242
24980,2,8,0.0,255,24982,8.005764150188136e-05,0.0003202305660075254,245
27787,30,59,0.0,351,27817,0.001078477190207427,0.0021210051407412733,262
21352,23,26,0.0,248,21375,0.0010760233918128655,0.0012163742690058479,199
25715,7,25,0.0,261,25722,0.00027214058004820774,0.0009719306430293135,229
27001,1005,707,5054.0,2027,28006,0.03588516746411483,0.025244590444904663,315
20928,84,40,0.0,322,21012,0.003997715591090805,0.0019036740909956216,198
35333,908,733,0.0,2102,36241,0.025054496288733755,0.0202257112110593,461
18875,3,12,0.0,203,18878,0.00015891513931560547,0.0006356605572624219,188
19045,2,260,2.0,418,19047,0.00010500341261090986,0.01365044363941828,156
14292,7,29,8431.0,154,14299,0.0004895447234072313,0.0020281138541156725,118
10698,5,7,0.0,93,10703,0.0004671587405400355,0.0006540222367560497,81
10746,11,4,0.0,92,10757,0.0010225899414334852,0.0003718508877939946,77
32102,1129,834,3784.0,2373,33231,0.03397430110439048,0.0250970479371671,410
17485,2,16,0.0,159,17487,0.00011437067535883799,0.0009149654028707039,141
10150,7,18,0.0,108,10157,0.0006891798759476223,0.0017721768238653146,83
47851,2168,2777,0.0,5767,50019,0.04334352945880565,0.05551890281692957,822
4423,168,32,1719.0,265,4591,0.036593334785449794,0.006970159006752342,65
34373,1236,712,656.0,2462,35609,0.034710326041169366,0.019994945098149343,514
62357,1773,1421,15081.0,4168,64130,0.02764696709808202,0.022158116326212382,974
90381,5020,4187,212890.0,11127,95401,0.05261999350111634,0.043888428842464966,1920
108197,2262,1667,29205.0,5422,110459,0.02047818647643017,0.015091572438642393,1493
78667,4181,4861,17636.0,10665,82848,0.05046591348010815,0.058673715720355346,1623
97226,186,169,73868.0,2608,97412,0.001909415677739909,0.0017348991910647558,2253
13230,32,404,9725.0,1072,13262,0.0024129090634896697,0.03046297692655708,636
1752648,1407,1176,11566346.0,3976,1754055,0.0008021413239607651,0.0006704464797284008,1393
15861,77,169,0.0,331,15938,0.004831220981302548,0.010603588907014683,85
112704,119,192,32847.0,756,112823,0.0010547494748411228,0.001701780665289879,445
49274,18,37,0.0,189,49292,0.0003651708187941248,0.0007506289052990343,134
48018,317,515,2.0,1628,48335,0.006558394538119375,0.010654805006723906,796
24500,87,105,0.0,289,24587,0.003538455281246187,0.004270549477366088,97
43328,292,248,0.0,805,43620,0.006694176983035305,0.005685465382851903,265
61746,184,560,43756.0,1238,61930,0.0029710963991603423,0.009042467301792347,494
68157,29,52,0.0,121,68186,0.00042530724782213357,0.0007626198926465843,40
100665,275,318,25753.0,2728,100940,0.0027243907271646524,0.0031503863681394888,2135
41857,84,126,0.0,788,41941,0.0020028134760735317,0.003004220214110298,578
1713518,846,700,7023676.0,2796,1714364,0.0004934774645291198,0.0004083146869626287,1250
3592604,24224,22908,4802125.0,58550,3616828,0.00669758141664464,0.006333726679842116,11418
127069,71,148,0.0,488,127140,0.0005584395154947302,0.0011640711027214095,269
81659,108,63,0.0,280,81767,0.0013208262501987354,0.0007704819792825957,109
23760,9,34,18855.0,50,23769,0.0003786444528587656,0.0014304345996886702,7
50051,474,142,0.0,694,50525,0.00938149430974765,0.00281048985650668,78
78526,249,83,0.0,483,78775,0.0031609013011742303,0.0010536337670580768,151
50413,313,163,1494.0,694,50726,0.0061704057091038125,0.003213342270236171,218
21376,18,374,601.0,417,21394,0.0008413573899224082,0.017481536879498924,25
11653,6,34,37008.0,109,11659,0.0005146238957028905,0.0029162020756497127,69
2639351,1385,1369,42445672.0,5169,2640736,0.0005244749948499206,0.0005184160779419071,2415
15753,60,80,0.0,171,15813,0.0037943464238284954,0.0050591285651046605,31
