match,insertion,deletion,soft_clipping,NM,lengths,INS_readLength,DEL_readLength,NM_INS_DEL
17353,65,57,32743.0,643,17418,0.0037317717303938453,0.003272476748191526,521
10792,25,15,6894.0,62,10817,0.002311176851252658,0.0013867061107515947,22
17619,3,1,26217.0,22,17622,0.00017024174327545113,5.6747247758483716e-05,18
14719,21,122,3420.0,336,14740,0.001424694708276798,0.008276797829036635,193
18628,65,24,0.0,132,18693,0.003477237468571123,0.0012839030653185683,43
16184,64,144,0.0,277,16248,0.003938946331856229,0.008862629246676515,69
14378,29,99,0.0,182,14407,0.0020129103907822587,0.006871659609911848,54
14118,41,221,0.0,308,14159,0.002895684723497422,0.015608446924217811,46
26167,114,173,2960.0,423,26281,0.004337734484989156,0.0065827023324835435,136
22580,27,127,0.0,287,22607,0.0011943203432565135,0.0056177290219843416,133
13266,70,114,0.0,268,13336,0.005248950209958008,0.008548290341931613,84
26145,54,106,0.0,283,26199,0.0020611473720371005,0.004045955952517272,123
22922,47,47,0.0,121,22969,0.002046236231442379,0.002046236231442379,27
71760,143,101,0.0,348,71903,0.0019887904538058217,0.001404670180660056,104
26360,29,204,0.0,501,26389,0.001098942741293721,0.0077304937663420364,268
25209,31,171,0.0,523,25240,0.0012282091917591126,0.006774960380348653,321
21947,28,27,0.0,67,21975,0.0012741751990898748,0.0012286689419795222,12
42029,69,439,0.0,1255,42098,0.0016390327331464677,0.010428048838424629,747
126235,171,232,76537.0,847,126406,0.0013527838868408145,0.0018353559166495261,444
24842,29,36,0.0,145,24871,0.0011660166458928069,0.0014474689397290016,80
22912,95,537,3451.0,993,23007,0.004129178076237667,0.023340722388838178,361
51222,34,41,0.0,164,51256,0.0006633369751833932,0.0007999063524270329,89
11009,33,133,2.0,221,11042,0.0029885890237275857,0.012044919398659664,55
21352,58,131,0.0,212,21410,0.00270901447921532,0.0061186361513311536,23
34569,33,35,0.0,80,34602,0.0009537020981446159,0.0010115022253048957,12
19489,9,82,0.0,136,19498,0.0004615858036721715,0.004205559544568673,45
14432,10,61,0.0,83,14442,0.0006924248719013987,0.004223791718598532,12
34867,42,67,0.0,178,34909,0.00120312813314618,0.0019192758314474777,69
26167,16,537,0.0,1025,26183,0.0006110835274796624,0.02050949089103617,472
23128,96,80,0.0,247,23224,0.004133654839820875,0.003444712366517396,71
37264,101,312,0.0,677,37365,0.002703064365047504,0.008350060216780409,264
1841112,1498,1184,3722380.0,5292,1842610,0.0008129772442350796,0.0006425667938413446,2610
29363,30,26,20472.0,164,29393,0.0010206511754499372,0.0008845643520566122,108
13914,17,124,3961.0,242,13931,0.001220300050247649,0.008901012131218147,101
39895,87,87,0.0,337,39982,0.002175979190635786,0.002175979190635786,163
23067,17,39,0.0,99,23084,0.0007364408248137238,0.0016894818922197194,43
1545749,1027,696,1028198.0,3365,1546776,0.0006639616854670618,0.00044996819190367576,1642
15735,46,75,0.0,211,15781,0.0029148976617451366,0.004752550535454027,90
11472,62,91,0.0,195,11534,0.005375411825906017,0.007889717357378187,42
47994,40,167,0.0,341,48034,0.0008327434733730275,0.0034767040013323897,134
10891,12,130,5202.0,332,10903,0.0011006145097679537,0.0119233238558195,190
26734,54,252,0.0,510,26788,0.0020158279826788116,0.00940719725250112,204
19333,35,27,0.0,75,19368,0.0018071045022717885,0.0013940520446096654,13
19725,36,343,7192.0,841,19761,0.0018217701533323211,0.017357421183138506,462
19604,33,121,0.0,164,19637,0.0016805010948719255,0.006161837347863726,10
39079,113,389,6.0,894,39192,0.002883241477852623,0.009925494998979384,392
19199,80,170,0.0,394,19279,0.004149592821204419,0.00881788474505939,144
2920835,4258,3646,19913717.0,12080,2925093,0.001455680212560763,0.0012464560955839695,4176
14465,11,126,12145.0,168,14476,0.0007598784194528875,0.008704061895551257,31
36791,41,62,0.0,162,36832,0.0011131624674196351,0.0016833188531711555,59
14812,10,67,0.0,96,14822,0.0006746727836999055,0.004520307650789367,19
709728,471,224,1181156.0,1516,710199,0.0006631944004426929,0.0003154045556245503,821
24391,23,49,10881.0,121,24414,0.000942082411730974,0.0020070451380355533,49
1578986,991,809,6275626.0,3381,1579977,0.0006272243203540304,0.0005120327700972862,1581
23405,14,12,12909.0,80,23419,0.0005978052009052479,0.0005124044579187839,54
2158092,442,327,7052741.0,1284,2158534,0.0002047686068414952,0.00015149170687142293,515
31677,15,30,0.0,69,31692,0.000473305566073457,0.000946611132146914,24
2183867,4925,4357,33985534.0,12390,2188792,0.0022500995983172453,0.0019905957258615713,3108
7283,19,27,4531.0,54,7302,0.0026020268419611066,0.0036976170912078883,8
18150,147,65,0.0,215,18297,0.008034103951467454,0.003552494944526425,3
17133,61,244,0.0,338,17194,0.0035477492148423867,0.014190996859369547,33
28341,347,423,22726.0,863,28688,0.012095649749023982,0.01474484104852203,93
27056,503,254,6536.0,1245,27559,0.018251750789215863,0.009216589861751152,488
18882,53,121,0.0,268,18935,0.002799049379456034,0.006390282545550568,94
131418,354,54,91727.0,762,131772,0.0026864584281941534,0.0004097987432838539,354
16765,53,255,0.0,358,16818,0.003151385420382923,0.015162326079200856,50
16838,73,102,0.0,238,16911,0.004316716929809,0.006031577080007096,63
122023,100,95,82332.0,414,122123,0.0008188465727176699,0.0007779042440817864,219
26148,39,405,0.0,1054,26187,0.001489288578302211,0.015465689082369114,610
21736,17,312,0.0,765,21753,0.0007815014021054568,0.014342849262170734,436
37010,88,329,0.0,915,37098,0.002372095530756375,0.008868402609305083,498
11493,4,80,0.0,106,11497,0.00034791684787335825,0.006958336957467165,22
195390,61,144,0.0,472,195451,0.0003120986845807901,0.0007367575504857995,267
372147,312,279,167858.0,1650,372459,0.0008376760932075746,0.000749075737195235,1059
