match,insertion,deletion,soft_clipping,NM,lengths,INS_readLength,DEL_readLength,NM_INS_DEL
13032,477,155,22225.0,948,13509,0.03530979347101932,0.011473832259974831,316
18407,45,101,12237.0,226,18452,0.0024387600260134404,0.005473661391719055,80
21719,317,359,605.0,987,22036,0.014385550916681793,0.01629152296242512,311
20094,257,91,9439.0,619,20351,0.012628372070168542,0.004471524740798978,271
42440,93,353,23408.0,802,42533,0.0021865375120494676,0.00829943808337056,356
16575,90,206,615.0,577,16665,0.0054005400540054005,0.012361236123612361,281
19360,100,117,429.0,745,19460,0.0051387461459403904,0.006012332990750257,528
52084,138,181,21989.0,468,52222,0.0026425644364444106,0.0034659721956263644,149
20570,665,770,27385.0,2005,21235,0.03131622321638804,0.036260890040028255,570
25987,230,467,345.0,881,26217,0.008772933592707022,0.017812869512148607,184
16388,107,549,28.0,831,16495,0.006486814186117005,0.033282812973628374,175
19631,133,638,16651.0,1116,19764,0.006729407002631046,0.032280914794575996,345
19140,172,435,17879.0,1031,19312,0.008906379453189726,0.022524855012427507,424
9465,57,488,7915.0,791,9522,0.0059861373660995585,0.051249737450115525,246
33964,13,18,85.0,61,33977,0.0003826117667834123,0.0005297701386231863,30
6744,294,414,5675.0,1135,7038,0.041773231031543054,0.058823529411764705,427
24043,197,213,813.0,1455,24240,0.008127062706270628,0.008787128712871288,1045
22427,3,96,100.0,145,22430,0.00013374944271065536,0.004279982166740972,46
49937,48,138,186.0,679,49985,0.0009602880864259277,0.0027608282484745425,493
82179,73,297,113921.0,606,82252,0.0008875164129747605,0.003610854447308272,236
26907,98,64,25880.0,586,27005,0.003628957600444362,0.0023699314941677467,424
28267,5,50,32.0,110,28272,0.00017685342388228635,0.0017685342388228636,55
39847,209,936,0.0,1399,40056,0.0052176952266826445,0.023367285799880167,254
78414,323,308,1864.0,1594,78737,0.004102264500806483,0.0039117568614501445,963
11534,374,1044,417.0,2006,11908,0.03140745717164931,0.08767215317433658,588
21523,15,615,3089.0,718,21538,0.0006964434952177546,0.028554183303927942,88
10043,15,176,0.0,355,10058,0.0014913501690196858,0.01749850864983098,164
16204,84,706,1837.0,1077,16288,0.005157170923379175,0.04334479371316306,287
12322,7,106,5104.0,245,12329,0.0005677670532889934,0.008597615378376186,132
12705,6,470,0.0,496,12711,0.0004720320981826764,0.03697584769097632,20
34587,365,566,91496.0,1054,34952,0.010442893110551613,0.01619363698786908,123
12509,280,366,75519.0,1446,12789,0.021893814997263273,0.02861834388927985,800
11503,5,72,5010.0,105,11508,0.00043448036148766077,0.006256517205422315,28
19803,202,617,14443.0,1429,20005,0.010097475631092227,0.03084228942764309,610
25272,270,568,9.0,1461,25542,0.010570824524312896,0.022237882702998982,623
20313,255,776,91.0,1501,20568,0.012397899649941656,0.037728510307273436,470
27094,132,295,17550.0,1188,27226,0.004848306765591713,0.0108352310291633,761
28579,51,70,78.0,365,28630,0.0017813482361159624,0.0024449877750611247,244
61538,10,10,91532.0,217,61548,0.00016247481640345747,0.00016247481640345747,197
22641,28,202,2108.0,333,22669,0.0012351669681062243,0.008910847412766333,103
64682,113,127,5006.0,1756,64795,0.0017439617254417779,0.0019600277799212903,1516
58513,2,91,27.0,148,58515,3.417927027257968e-05,0.0015551567974023755,55
22364,6,13,184.0,90,22370,0.00026821636119803307,0.000581135449262405,71
14219,20,254,1145.0,354,14239,0.0014045930191726947,0.017838331343493222,80
22869,31,67,21633.0,196,22900,0.001353711790393013,0.002925764192139738,98
12265,26,222,16647.0,578,12291,0.002115368969164429,0.01806199658286551,330
12826,7,140,528.0,247,12833,0.0005454687134730772,0.010909374269461545,100
230376,327,282,127433.0,1102,230703,0.0014174067957503803,0.0012223508146838142,493
91493,27,31,17593.0,135,91520,0.0002950174825174825,0.0003387237762237762,77
311769,1447,804,837351.0,2919,313216,0.004619815079689416,0.00256691867592971,668
10776,27,69,0.0,178,10803,0.002499305748403221,0.006387114690363788,82
17045,17,208,3309.0,285,17062,0.0009963661938811393,0.012190833431016294,60
705503,247,355,1649762.0,1260,705750,0.0003499822883457315,0.0005030109812256464,658
23699,100,246,2623.0,484,23799,0.004201857220891634,0.01033656876339342,138
13438,76,216,137.0,366,13514,0.005623797543288442,0.015983424596714518,74
19658,106,199,8135.0,395,19764,0.005363286784051811,0.010068811981380288,90
38001,66,263,11543.0,523,38067,0.0017337851682559698,0.0069088712007775764,194
48232,145,94,19367.0,448,48377,0.0029972921016185377,0.0019430721210492588,209
35969,106,302,0.0,565,36075,0.002938322938322938,0.008371448371448372,157
19311,128,132,8165.0,386,19439,0.00658470085909769,0.006790472760944493,126
25502,53,338,1907.0,535,25555,0.002073958129524555,0.013226374486401878,144
8130,16,33,4959.0,77,8146,0.001964154186103609,0.004051068008838694,28
10904,32,137,377.0,227,10936,0.002926115581565472,0.012527432333577176,58
104506,88,134,29992.0,423,104594,0.0008413484521100637,0.0012811442338948697,201
22691,62,484,62.0,811,22753,0.002724915395771986,0.021271920186349054,265
17851,18,631,0.0,718,17869,0.0010073311321282669,0.035312552465163134,69
792697,547,846,1588686.0,2442,793244,0.0006895734477663872,0.001066506648647831,1049
61149,93,311,86347.0,842,61242,0.0015185656902125992,0.005078214297377617,438
58290,49,85,1109.0,248,58339,0.0008399184079260872,0.0014570013198717839,114
18624,58,492,500.0,654,18682,0.003104592656032545,0.026335510116689862,104
16643,14,109,0.0,265,16657,0.0008404874827399892,0.006543795401332773,142
11443,66,318,6321.0,458,11509,0.005734642453731862,0.027630550004344424,74
1503269,752,779,25316523.0,2567,1504021,0.0004999930187144994,0.0005179448957162167,1036
28323,71,151,63.0,242,28394,0.0025005282806226667,0.00531802493484539,20
25412,25,315,135.0,388,25437,0.0009828203011361402,0.012383535794315368,48
