match,insertion,deletion,soft_clipping,NM,lengths,INS_readLength,DEL_readLength,NM_INS_DEL
16973,21,90,3990.0,282,16994,0.0012357302577380251,0.005295986818877251,171
13893,50,78,0.0,250,13943,0.0035860288316718067,0.005594204977408018,122
32140,33,119,6129.0,194,32173,0.0010257047835141267,0.0036987536132782146,42
16502,23,21,0.0,49,16525,0.0013918305597579424,0.0012708018154311649,5
17816,16,31,0.0,69,17832,0.0008972633467922835,0.0017384477344100494,22
43237,144,297,0.0,723,43381,0.00331942555496646,0.006846315207118324,282
23266,85,172,0.0,377,23351,0.003640101066335489,0.00736585156952593,120
42979,36,196,0.0,352,43015,0.0008369173544112519,0.004556550040683482,120
27367,146,127,0.0,492,27513,0.005306582342892451,0.004615999709228364,219
14773,32,31,8015.0,140,14805,0.0021614319486659914,0.002093887200270179,77
2770458,1743,1407,12191601.0,6664,2772201,0.0006287422881674164,0.0005075389555086374,3514
1484124,1634,586,3117724.0,3910,1485758,0.0010997753335334557,0.0003944114721239933,1690
11867,28,147,0.0,372,11895,0.002353930222782682,0.01235813366960908,197
23528,45,83,26450.0,198,23573,0.0019089636448479193,0.003520977389386162,70
1878718,756,880,6593458.0,3132,1879474,0.00040224020124779593,0.0004682161072725667,1496
1642116,2046,1118,8741249.0,5551,1644162,0.0012444029237994795,0.0006799816563088065,2387
28492,26,50,0.0,94,28518,0.0009117048881408233,0.001753278631040045,18
175115,319,118,26817.0,573,175434,0.0018183476407081865,0.0006726176225817117,136
202328,263,171,9278.0,1025,202591,0.0012981820515225258,0.0008440651361610338,591
18491,88,209,5501.0,336,18579,0.004736530491415038,0.011249259917110717,39
16484,17,77,14687.0,127,16501,0.0010302405914793043,0.0046663838555239074,33
17801,18,45,7969.0,75,17819,0.0010101576968404513,0.002525394242101128,12
39912,46,36,0.0,238,39958,0.001151208769207668,0.0009009459932929577,156
41747,244,425,3.0,1016,41991,0.005810768974304018,0.010121216451144293,347
25142,38,18,0.0,81,25180,0.0015091342335186656,0.0007148530579825258,25
114133,580,313,0.0,2197,114713,0.005056096519139069,0.002728548638776773,1304
40081,16,21,0.0,90,40097,0.000399032346559593,0.0005237299548594658,53
36875,104,29,15528.0,290,36979,0.0028124070418345548,0.0007842288866654047,157
18798,50,17,0.0,92,18848,0.0026528013582342953,0.0009019524617996604,25
41234,17,131,0.0,190,41251,0.00041211122154614433,0.0031756805895614654,42
20048,119,107,16606.0,549,20167,0.005900728913571677,0.005305697426488818,323
53636,140,119,0.0,437,53776,0.0026033918476643858,0.002212883070514728,178
24541,30,36,0.0,102,24571,0.0012209515282243296,0.0014651418338691954,36
25990,71,183,0.0,404,26061,0.0027243774222017575,0.007021986876942558,150
23847,48,272,0.0,741,23895,0.0020087884494664155,0.011383134546976354,421
29616,26,55,0.0,145,29642,0.0008771337966399028,0.0018554753390459483,64
20823,29,76,0.0,131,20852,0.0013907538845194705,0.0036447343180510262,26
29989,56,48,3038.0,160,30045,0.0018638708603761025,0.0015976035946080878,56
15454,24,26,0.0,60,15478,0.0015505879312572683,0.001679803592195374,10
12378,45,183,0.0,245,12423,0.003622313450857281,0.014730741366819608,17
21926,24,16,4.0,47,21950,0.0010933940774487472,0.0007289293849658315,7
38750,52,13,0.0,181,38802,0.001340137106334725,0.00033503427658368126,116
24092,39,60,0.0,153,24131,0.0016161783597861672,0.0024864282458248728,54
19793,35,70,0.0,203,19828,0.0017651805527536817,0.0035303611055073634,98
19558,16,16,16902.0,73,19574,0.0008174108511290487,0.0008174108511290487,41
21141,49,29,0.0,139,21190,0.0023124115148655026,0.001368570080226522,61
18385,60,44,0.0,181,18445,0.003252914068853348,0.0023854703171591217,77
60074,82,110,12737.0,416,60156,0.001363122548041758,0.0018285790278608951,224
21701,22,20,11931.0,177,21723,0.0010127514615844958,0.0009206831468949961,135
26900,33,39,10.0,342,26933,0.0012252626888946646,0.001448037723239149,270
21122,27,62,0.0,191,21149,0.0012766561066717102,0.0029315806893942978,102
78686,271,135,0.0,827,78957,0.0034322479324189114,0.0017097914054485352,421
26586,209,286,0.0,815,26795,0.007799962679604404,0.01067363314051129,320
33606,234,500,0.0,930,33840,0.006914893617021276,0.014775413711583925,196
21964,74,302,3.0,430,22038,0.0033578364642889553,0.013703602867773845,54
12981,11,292,0.0,399,12992,0.0008466748768472907,0.02247536945812808,96
18600,57,494,0.0,689,18657,0.003055153561665863,0.026477997534437477,138
35073,216,98,12.0,385,35289,0.00612088752869166,0.002777069341721216,71
22117,84,96,12.0,275,22201,0.0037836133507499663,0.004324129543714247,95
13591,72,260,0.0,579,13663,0.005269706506623728,0.019029495718363463,247
20899,180,336,1169.0,944,21079,0.008539304521087338,0.015940035106029697,428
29492,171,401,0.0,1000,29663,0.005764757441931025,0.013518524761487375,428
22479,39,343,0.0,584,22518,0.0017319477751132426,0.015232258637534416,202
23845,40,146,0.0,254,23885,0.0016746912288046892,0.006112622985137115,68
20828,20,14,0.0,62,20848,0.0009593246354566385,0.000671527244819647,28
18572,18,90,10.0,311,18590,0.0009682625067240452,0.004841312533620226,203
22454,35,14,0.0,81,22489,0.0015563164213615545,0.0006225265685446218,32
53588,117,121,0.0,413,53705,0.0021785681035285357,0.00225304906433293,175
37359,310,336,0.0,1481,37669,0.008229578698664685,0.008919801428230109,835
34270,18,70,0.0,101,34288,0.0005249650023331778,0.0020415305646290247,13
28412,44,289,0.0,478,28456,0.0015462468372223785,0.010156030362665167,145
58597,30,19,30083.0,402,58627,0.0005117096218465895,0.00032408276050284,353
23667,67,199,0.0,405,23734,0.0028229544113929383,0.00838459593831634,139
87748,147,71,0.0,356,87895,0.001672450082484783,0.0008077820126287047,138
15603,301,41,0.0,416,15904,0.018926056338028168,0.0025779678068410463,74
45989,325,400,0.0,1154,46314,0.007017316578140519,0.008636697326942177,429
16451,8,74,0.0,220,16459,0.0004860562610122122,0.004496020414362962,138
33623,43,68,0.0,197,33666,0.0012772530149111863,0.002019841977068853,86
32402,155,341,3908.0,1667,32557,0.004760880916546365,0.010473938016402003,1171
13726,169,534,21.0,1207,13895,0.012162648434688736,0.038431090320259084,504
20188,65,372,1050.0,1017,20253,0.0032094010763837454,0.018367649237150053,580
25400,124,131,3753.0,897,25524,0.00485817270020373,0.00513242438489265,642
22747,143,262,2758.0,851,22890,0.006247269550021844,0.011446046308431629,446
22708,149,386,33.0,997,22857,0.00651879074244214,0.01688760554753467,462
22795,18,150,0.0,404,22813,0.0007890238022180336,0.006575198351816946,236
19400,100,205,4488.0,748,19500,0.005128205128205128,0.010512820512820513,443
41997,51,58,0.0,199,42048,0.0012128995433789954,0.0013793759512937594,90
49330,138,287,0.0,588,49468,0.0027896822188081183,0.005801730411579203,163
16684,187,91,8580.0,596,16871,0.011084108825795745,0.005393871139825737,318
9746,47,44,14147.0,307,9793,0.004799346471969774,0.004493005207801491,216
16855,25,43,0.0,88,16880,0.001481042654028436,0.00254739336492891,20
15549,15,67,0.0,110,15564,0.0009637625289128759,0.004304805962477512,28
15960,55,44,2.0,154,16015,0.0034342803621604744,0.00274742428972838,55
22458,91,46,0.0,196,22549,0.004035655683178855,0.002040001773914586,59
17474,28,30,0.0,74,17502,0.001599817163752714,0.0017140898183064792,16
51920,296,174,41040.0,723,52216,0.005668760533169909,0.0033323119350390684,253
99925,212,325,0.0,972,100137,0.0021170995735841896,0.003245553591579536,435
23454,13,65,3620.0,229,23467,0.0005539694038436954,0.002769847019218477,151
22651,47,38,7474.0,313,22698,0.0020706670191206274,0.001674156313331571,228
28424,163,214,22296.0,1196,28587,0.005701892468604611,0.007485920173505439,819
20186,72,154,3.0,407,20258,0.0035541514463421856,0.007601935038009675,181
14298,90,167,19259.0,770,14388,0.006255212677231026,0.01160689463441757,513
14048,64,244,12539.0,558,14112,0.0045351473922902496,0.017290249433106575,250
22590,100,34,0.0,220,22690,0.004407227853680035,0.001498457470251212,86
23206,30,74,0.0,175,23236,0.0012911000172146669,0.0031847133757961785,71
15838,93,125,21314.0,853,15931,0.005837674973322453,0.00784633732973448,635
17383,82,159,0.0,869,17465,0.004695104494703693,0.009103922129974235,628
15337,165,181,2297.0,800,15502,0.0106437878983357,0.011675912785447039,454
23844,76,39,2.0,165,23920,0.003177257525083612,0.0016304347826086956,50
55412,210,167,3207.0,1042,55622,0.003775484520513466,0.0030024091186940417,665
16066,122,51,0.0,218,16188,0.0075364467506795155,0.003150481838398814,45
56044,148,204,1689.0,941,56192,0.0026338268792710706,0.003630410022779043,589
41368,69,83,3784.0,379,41437,0.0016651784636918696,0.0020030407606728287,227
30105,77,59,1603.0,371,30182,0.00255118945066596,0.0019548075011596314,235
23888,87,106,1950.0,461,23975,0.0036287799791449426,0.004421272158498436,268
32512,37,103,0.0,259,32549,0.001136747672739562,0.003164459737626348,119
23978,51,39,0.0,168,24029,0.0021224353905697282,0.0016230388280827333,78
30494,18,79,0.0,148,30512,0.0005899318300996329,0.0025891452543261666,51
12761,20,48,0.0,117,12781,0.0015648227838197324,0.003755574681167358,49
27445,110,62,6006.0,229,27555,0.003992015968063872,0.0022500453638178187,57
18756,59,104,0.0,216,18815,0.0031357959075205954,0.005527504650544778,53
23067,47,51,7.0,131,23114,0.002033399671194947,0.0022064549623604744,33
31033,35,104,0.0,215,31068,0.0011265610917986352,0.0033474958156302303,76
113103,302,391,0.0,1179,113405,0.002663021912614082,0.003447819761033464,486
22413,54,270,4.0,616,22467,0.0024035251702496994,0.012017625851248498,292
45802,153,124,0.0,469,45955,0.0033293439234033293,0.002698291807202698,192
52424,73,28,12132.0,281,52497,0.0013905556507990934,0.0005333638112654057,180
19103,21,43,0.0,113,19124,0.0010980966325036604,0.0022484835808408285,49
53659,84,53,3.0,264,53743,0.0015629942504140075,0.0009861749437136,127
73598,130,80,3.0,426,73728,0.0017632378472222222,0.0010850694444444445,216
19085,14,92,8.0,174,19099,0.0007330226713440494,0.004817006125975182,68
58558,58,136,0.0,312,58616,0.0009894909239798006,0.002320185614849188,118
76721,191,245,0.0,773,76912,0.002483357603494903,0.0031854587060536716,337
30796,17,16,30382.0,83,30813,0.0005517151851491253,0.0005192613507285886,50
40006,61,32,0.0,144,40067,0.0015224498964234907,0.0007986622407467491,51
20447,91,37,0.0,209,20538,0.004430811179277437,0.0018015386113545623,81
17059,51,66,0.0,160,17110,0.0029807130333138515,0.00385739333722969,43
70867,428,147,0.0,733,71295,0.006003226032681113,0.002061855670103093,158
46405,69,36,0.0,213,46474,0.0014847011232086758,0.0007746266729784395,108
28201,110,231,0.0,438,28311,0.0038854155628554273,0.008159372681996397,97
18498,108,35,6.0,373,18606,0.005804579168010319,0.0018811136192626034,230
47775,91,56,0.0,404,47866,0.0019011406844106464,0.00116993272886809,257
11852,44,19,10611.0,117,11896,0.003698722259583053,0.001597175521183591,54
42912,111,150,45986.0,610,43023,0.002580015340631755,0.0034865072170699395,349
21518,36,34,0.0,111,21554,0.0016702236243852648,0.001577433423030528,41
41192,32,58,0.0,201,41224,0.0007762468464971861,0.0014069474092761498,111
19186,24,35,0.0,111,19210,0.0012493492972410203,0.0018219677251431546,52
95141,154,143,0.0,1305,95295,0.001616034419434388,0.0015006033894747889,1008
19623,62,126,34.0,717,19685,0.0031496062992125984,0.006400812801625603,529
24435,101,32,0.0,344,24536,0.004116400391261819,0.0013042060645582002,211
117117,126,205,0.0,786,117243,0.0010746910263299302,0.0017485052412510769,455
17946,34,259,0.0,409,17980,0.0018909899888765295,0.014404894327030033,116
31249,40,139,0.0,283,31289,0.001278404551120202,0.004442455815142702,104
18837,30,185,0.0,403,18867,0.0015900779138177772,0.009805480468542958,188
36764,53,21,0.0,140,36817,0.0014395523806937014,0.0005703886791427873,66
13420,19,86,132.0,150,13439,0.0014137956693206339,0.006399285661135501,45
17924,15,32,0.0,86,17939,0.0008361670104242154,0.0017838229555716596,39
14551,17,95,0.0,181,14568,0.0011669412410763318,0.006521142229544206,69
19241,41,55,4906.0,189,19282,0.0021263354423814956,0.0028524012031946894,93
33852,29,409,11065.0,638,33881,0.000855936955815944,0.012071662583749004,200
18861,63,209,0.0,452,18924,0.0033291058972733036,0.01104417670682731,180
32870,61,103,0.0,340,32931,0.001852357960584252,0.0031277519662324255,176
43898,114,64,49170.0,1141,44012,0.002590202671998546,0.0014541488684904117,963
26036,13,16,0.0,47,26049,0.0004990594648546969,0.0006142270336673193,18
15784,517,431,680.0,1595,16301,0.031715845653640884,0.026440095699650328,647
12116,23,193,2425.0,656,12139,0.0018947194991350193,0.015899167971002555,440
71237,1797,2869,13726.0,7847,73034,0.02460497850316291,0.03928307363693622,3181
21757,368,582,14438.0,1760,22125,0.01663276836158192,0.02630508474576271,810
13301,167,187,4556.0,949,13468,0.0123997623997624,0.013884763884763885,595
14409,45,103,4728.0,610,14454,0.00311332503113325,0.0071260550712605505,462
11630,23,108,5292.0,522,11653,0.0019737406676392346,0.009267999656740753,391
11522,5,85,2892.0,429,11527,0.0004337642057777392,0.007373991498221567,339
13034,17,120,7095.0,535,13051,0.001302582177610911,0.009194697724312313,398
12600,50,162,1904.0,584,12650,0.003952569169960474,0.012806324110671936,372
12669,72,78,2145.0,506,12741,0.0056510477984459614,0.006121968448316459,356
12009,17,83,1562.0,501,12026,0.0014136038583070015,0.006901712955263596,401
22111,546,565,2055.0,2135,22657,0.024098512600962175,0.024937105530299687,1024
19182,1142,1009,0.0,2965,20324,0.05618972643180476,0.04964573902775044,814
13174,34,160,2958.0,683,13208,0.00257419745608722,0.012113870381586917,489
19039,138,227,2924.0,1116,19177,0.007196120352505606,0.011837096521875163,751
16558,591,811,27.0,2075,17149,0.034462650883433435,0.047291387252901045,673
21306,369,518,627.0,1659,21675,0.0170242214532872,0.02389850057670127,772
17675,369,236,11723.0,1197,18044,0.020450011084016846,0.013079139880292618,592
17181,43,33,3774.0,485,17224,0.0024965164886205293,0.0019159312587087784,409
21452,456,384,531.0,1573,21908,0.02081431440569655,0.01752784371006025,733
12312,37,78,0.0,349,12349,0.002996194023807596,0.006316300915053851,234
15518,28,195,0.0,604,15546,0.0018011063939276984,0.012543419529139328,381
18106,139,302,2894.0,1076,18245,0.007618525623458482,0.01655248013154289,635
16459,33,320,868.0,827,16492,0.0020009701673538685,0.019403347077370847,474
10243,18,9,11444.0,264,10261,0.0017542149887925153,0.0008771074943962577,237
16327,250,404,1611.0,1197,16577,0.01508113651444773,0.024371116607347528,543
9923,15,16,1509.0,236,9938,0.0015093580197222782,0.0016099818877037633,205
18574,193,357,8045.0,1180,18767,0.010284009165023712,0.019022752704214847,630
17826,422,420,3531.0,1302,18248,0.023125822007891275,0.023016220955721176,460
15589,198,406,0.0,1074,15787,0.012541964907835561,0.02571736238677393,470
15539,50,201,0.0,663,15589,0.0032073898261594713,0.012893707101161075,412
13224,13,188,112.0,493,13237,0.0009820956410062703,0.014202613885321447,292
11684,17,190,20.0,528,11701,0.0014528672763011708,0.016237928382189556,321
13979,21,248,3505.0,649,14000,0.0015,0.017714285714285714,380
16573,360,655,3038.0,1434,16933,0.02126026102876041,0.038681863816216855,419
16735,363,235,2423.0,1162,17098,0.02123055328108551,0.013744297578664171,564
19508,371,523,612.0,1368,19879,0.01866291060918557,0.026309170481412545,474
25963,887,1210,0.0,2903,26850,0.033035381750465546,0.04506517690875233,806
16096,46,41,784.0,763,16142,0.0028497088340973856,0.002539957873869409,676
25169,865,993,0.0,2866,26034,0.03322578167012368,0.038142429131136205,1008
12747,47,64,2488.0,457,12794,0.0036735969985930905,0.005002344849148038,346
12732,6,79,2756.0,410,12738,0.0004710315591144607,0.006201915528340399,325
14041,185,250,657.0,918,14226,0.013004358217348517,0.01757345705047097,483
16944,692,615,1458.0,1858,17636,0.039237922431390335,0.034871853027897484,551
13034,180,272,0.0,825,13214,0.013621916149538369,0.020584228848191312,373
21666,546,598,4207.0,1935,22212,0.024581307401404646,0.026922384296776517,791
12521,54,375,72.0,821,12575,0.004294234592445328,0.02982107355864811,392
14267,364,353,879.0,1142,14631,0.024878682250017086,0.024126853940263822,425
14941,512,683,1416.0,1899,15453,0.033132725037209605,0.044198537500808904,704
25593,1283,1365,858.0,3825,26876,0.047737758595029024,0.050788807858312246,1177
24154,1432,1628,0.0,4355,25586,0.05596810755882123,0.06362854686156492,1295
26344,1252,1297,12186.0,3681,27596,0.04536889404261487,0.0469995651543702,1132
14704,169,419,7179.0,1117,14873,0.011362872318967257,0.02817185503933302,529
13719,26,258,1435.0,663,13745,0.0018915969443433977,0.01877046198617679,379
13614,12,232,5956.0,760,13626,0.0008806693086745927,0.017026273301042127,516
11444,19,373,336.0,721,11463,0.0016575067608828405,0.03253947483206839,329
22086,739,587,4876.0,2019,22825,0.03237677984665936,0.025717415115005478,693
10075,345,40,0.0,619,10420,0.033109404990403074,0.003838771593090211,234
13034,189,297,153.0,787,13223,0.014293276866066702,0.022460863646676245,301
23257,1266,971,0.0,2966,24523,0.051625005097255636,0.03959548179260286,729
24691,928,1098,3105.0,2906,25619,0.0362231156563488,0.042858815722705806,880
21048,178,433,5301.0,1185,21226,0.008385941769527937,0.020399510034862903,574
26004,710,756,5209.0,2188,26714,0.02657782436175788,0.028299767911956278,722
16150,174,403,3023.0,1076,16324,0.010659152168586131,0.024687576574369027,499
13207,16,255,6413.0,608,13223,0.0012100128563865991,0.019284579898661423,337
13602,6,198,3047.0,531,13608,0.0004409171075837742,0.01455026455026455,327
15351,15,181,2609.0,606,15366,0.0009761811792268645,0.011779252896004165,410
14427,21,265,1851.0,689,14448,0.0014534883720930232,0.018341638981173865,403
13556,14,244,33.0,533,13570,0.0010316875460574797,0.01798084008843036,275
14345,16,268,2775.0,600,14361,0.0011141285425806003,0.018661653088225053,316
21730,85,423,75.0,1347,21815,0.0038964015585606234,0.0193903277561311,839
11585,79,299,0.0,661,11664,0.006772976680384088,0.02563443072702332,283
13365,49,290,2277.0,620,13414,0.003652899955270613,0.021619203816907708,281
11787,577,502,3245.0,1550,12364,0.04666774506632158,0.04060174700744096,471
11120,45,212,1837.0,550,11165,0.004030452306314375,0.01898790864308106,293
17889,556,526,3920.0,1528,18445,0.030143670371374356,0.02851721333694768,446
16020,182,355,11612.0,1044,16202,0.011233181088754474,0.021910875200592518,507
17972,532,617,11383.0,1787,18504,0.028750540423692173,0.033344141807176826,638
12689,13,522,1574.0,849,12702,0.0010234608723035743,0.0410958904109589,314
11889,12,498,0.0,885,11901,0.001008318628686665,0.0418452230904966,375
15701,890,834,1887.0,2217,16591,0.05364354167922367,0.050268217708396117,493
12224,710,493,0.0,1432,12934,0.0548940776248647,0.03811659192825112,229
18697,199,745,16902.0,1584,18896,0.010531329381879763,0.03942633361558002,640
11438,180,407,0.0,946,11618,0.015493200206576003,0.03503184713375796,359
9965,27,55,1208.0,348,9992,0.002702161729383507,0.0055044035228182546,266
13496,290,393,0.0,1081,13786,0.02103583345422893,0.028507181198317133,398
22135,575,545,51.0,2623,22710,0.02531924262439454,0.02399823866138265,1503
23349,523,1274,0.0,2577,23872,0.021908512064343164,0.053367962466487937,780
14782,196,829,484.0,1395,14978,0.013085859260248365,0.05534784350380558,370
16922,57,594,39.0,949,16979,0.0033570881677366157,0.034984392484834204,298
17147,18,435,4304.0,753,17165,0.0010486454995630643,0.025342266239440723,300
20536,1053,1250,6631.0,3019,21589,0.04877483903839919,0.057899856408356105,716
17968,522,708,13306.0,1743,18490,0.028231476473769605,0.038290968090859925,513
19594,804,903,743.0,2610,20398,0.03941562898323365,0.04426904598490048,903
15753,18,468,5123.0,784,15771,0.0011413353623739774,0.029674719421723415,298
14626,4,405,11171.0,729,14630,0.0002734107997265892,0.027682843472317156,320
13818,5,392,2388.0,635,13823,0.0003617159806120234,0.028358532879982638,238
12168,7,391,1315.0,613,12175,0.0005749486652977413,0.03211498973305955,215
10248,4,356,6526.0,573,10252,0.0003901677721420211,0.034724931720639875,213
16183,352,38,13498.0,780,16535,0.0212881765951013,0.002298155427880254,390
15865,7,356,11380.0,696,15872,0.0004410282258064516,0.02242943548387097,333
15125,9,416,7168.0,726,15134,0.0005946874587022598,0.027487775868904454,301
12650,269,426,1514.0,1009,12919,0.020822045049926467,0.03297468844337797,314
20041,462,698,0.0,1680,20503,0.022533287811539775,0.0340437984685168,520
13281,402,110,3894.0,767,13683,0.029379522034641527,0.008039172696046188,255
13762,38,389,3687.0,649,13800,0.0027536231884057972,0.02818840579710145,222
10333,216,50,2170.0,552,10549,0.020475874490473032,0.004739785761683572,286
13131,44,376,472.0,665,13175,0.0033396584440227705,0.028538899430740037,245
12230,39,392,1954.0,666,12269,0.0031787431738527997,0.031950444208981986,235
10693,16,72,5565.0,419,10709,0.0014940704080679801,0.006723316836305911,331
17584,341,318,4913.0,1202,17925,0.01902370990237099,0.017740585774058577,543
22101,859,920,0.0,2829,22960,0.037412891986062714,0.04006968641114982,1050
14801,184,299,5733.0,931,14985,0.012278945612278946,0.019953286619953287,448
8221,10,104,2821.0,332,8231,0.0012149192078726764,0.012635159761875835,218
9701,7,311,6437.0,604,9708,0.0007210548001648125,0.03203543469303667,286
16186,181,258,4244.0,883,16367,0.011058837905541638,0.015763426406794158,444
18270,533,567,336.0,1871,18803,0.028346540445673564,0.030154762537892888,771
24259,273,468,5189.0,1743,24532,0.011128322191423448,0.01907712375672591,1002
8150,8,64,4967.0,251,8158,0.000980632507967639,0.007845060063741112,179
20045,695,1446,3051.0,2831,20740,0.033510125361620055,0.06972034715525555,690
14907,209,445,3077.0,1285,15116,0.013826409102937285,0.02943900502778513,631
20159,531,720,4182.0,2099,20690,0.025664572257129047,0.03479942000966651,848
14934,1159,986,0.0,2846,16093,0.07201889020070838,0.06126887466600385,701
14204,220,471,3300.0,1161,14424,0.015252357182473655,0.032653910149750415,470
12971,181,323,230.0,878,13152,0.013762165450121655,0.024559002433090026,374
10708,41,230,3942.0,660,10749,0.0038143083077495582,0.02139733928737557,389
11365,10,83,1915.0,330,11375,0.0008791208791208791,0.007296703296703296,237
21110,429,714,14207.0,1819,21539,0.019917359208876922,0.03314917127071823,676
12223,10,95,948.0,448,12233,0.0008174609662388621,0.00776587917926919,343
15697,202,372,0.0,1021,15899,0.012705201585005346,0.023397697968425685,447
17121,351,496,1965.0,1393,17472,0.020089285714285716,0.028388278388278388,546
16084,363,455,1388.0,1383,16447,0.022070894388034293,0.027664619687481,565
29686,1352,1154,2714.0,3738,31038,0.04355950770023842,0.037180230684966814,1232
15118,198,403,3830.0,1085,15316,0.012927657351788979,0.026312353094802822,484
27299,924,1296,1933.0,3305,28223,0.0327392552173759,0.0459199943308649,1085
9911,182,274,3020.0,760,10093,0.01803229961359358,0.02714752798969583,304
10073,11,106,2650.0,336,10084,0.001090836969456565,0.010511701705672352,219
13975,30,156,3043.0,475,14005,0.0021420921099607284,0.011138878971795788,289
14733,189,118,2542.0,719,14922,0.012665862484921592,0.007907787159898138,412
16787,151,263,8.0,853,16938,0.008914865981816036,0.015527216908725942,439
16888,132,180,0.0,730,17020,0.007755581668625147,0.010575793184488837,418
12534,179,90,5.0,605,12713,0.014080075513254148,0.0070793675764964994,336
17149,597,971,0.0,2259,17746,0.033641383973853266,0.05471655584357038,691
14554,107,65,0.0,560,14661,0.007298274333265125,0.004433531137030216,388
17045,19,167,0.0,528,17064,0.001113455227379278,0.009786685419596812,342
18678,831,585,762.0,2181,19509,0.04259572504997693,0.029986160233738273,765
22774,691,758,11742.0,2291,23465,0.02944811421265715,0.03230343064138078,842
22102,56,64,7421.0,748,22158,0.0025273039082949725,0.002888347323765683,628
19560,194,567,1515.0,1486,19754,0.009820795788194796,0.028703047484053862,725
18947,950,1147,0.0,2746,19897,0.04774589134040307,0.057646881439412975,649
14504,703,888,1455.0,2199,15207,0.046228710462287104,0.058394160583941604,608
16017,22,302,241.0,639,16039,0.0013716565870690192,0.018829104058856537,315
18815,1095,1038,375.0,2727,19910,0.054997488699146155,0.05213460572576595,594
13466,20,246,81.0,510,13486,0.001483019427554501,0.01824113895892036,244
19585,183,654,656.0,1458,19768,0.009257385673816268,0.03308377175232699,621
13526,15,297,0.0,548,13541,0.0011077468429214977,0.021933387489845652,236
13342,23,138,2094.0,608,13365,0.0017209128320239432,0.010325476992143659,447
18164,154,341,0.0,920,18318,0.008407031335298614,0.018615569385304072,425
10676,37,311,0.0,498,10713,0.0034537477830673016,0.02903015028470083,150
20217,600,587,876.0,1744,20817,0.02882259691598213,0.02819810731613585,557
30046,1595,1495,33.0,4640,31641,0.050409279099902025,0.047248822730002214,1550
11307,11,45,1712.0,273,11318,0.0009719031631030217,0.0039759674854214526,217
13901,95,304,29.0,796,13996,0.006787653615318663,0.021720491569019718,397
10250,12,7,4059.0,264,10262,0.0011693626973299552,0.0006821282401091405,245
10585,12,25,897.0,249,10597,0.001132395961121072,0.0023591582523355666,212
16306,13,270,257.0,622,16319,0.000796617439794105,0.016545131441877567,339
22084,720,865,0.0,2323,22804,0.03157340817400456,0.037931941764602704,738
7949,5,10,5962.0,117,7954,0.000628614533568016,0.001257229067136032,102
26947,525,367,20396.0,1417,27472,0.019110366919044847,0.013359056493884683,525
9477,14,44,1530.0,237,9491,0.001475081656305974,0.0046359709198187755,179
9451,8,65,3633.0,267,9459,0.0008457553652605984,0.006871762342742361,194
7134,95,79,4188.0,284,7229,0.013141513349010928,0.010928205837598562,110
13814,67,394,0.0,730,13881,0.004826741589222678,0.028384122181399036,269
12151,9,239,0.0,467,12160,0.0007401315789473684,0.019654605263157893,219
14130,67,191,2300.0,543,14197,0.004719306895823061,0.013453546523913503,285
20301,526,505,4589.0,1586,20827,0.025255677726028714,0.024247371200845056,555
16352,428,457,12094.0,1276,16780,0.025506555423122766,0.027234803337306317,391
13753,17,488,230.0,867,13770,0.0012345679012345679,0.03543936092955701,362
19017,212,599,2040.0,1282,19229,0.01102501430131572,0.031150865879660927,471
13988,291,351,9054.0,991,14279,0.02037957840184887,0.02458155333006513,349
17288,536,465,1313.0,1507,17824,0.03007181328545781,0.026088420107719928,506
13109,20,316,0.0,622,13129,0.0015233452662045852,0.024068855206032448,286
13340,184,106,580.0,714,13524,0.013605442176870748,0.007837917775805975,424
12354,6,47,643.0,285,12360,0.0004854368932038835,0.003802588996763754,232
23400,514,1327,5041.0,2483,23914,0.02149368570711717,0.055490507652421174,642
11413,21,92,2275.0,328,11434,0.0018366276018891028,0.008046178065418927,215
9477,7,38,1931.0,208,9484,0.0007380851961197807,0.004006748207507381,163
12118,14,9,5630.0,254,12132,0.0011539729640619848,0.000741839762611276,231
12809,2,1,7691.0,214,12811,0.00015611583795176022,7.805791897588011e-05,211
10080,10,14,4325.0,136,10090,0.0009910802775024777,0.0013875123885034688,112
13480,25,10,3606.0,331,13505,0.0018511662347278786,0.0007404664938911515,296
12597,40,213,6599.0,460,12637,0.0031653082218881063,0.016855266281554166,207
11799,31,6,2502.0,238,11830,0.0026204564666103126,0.0005071851225697379,201
11381,37,100,1802.0,386,11418,0.0032404974601506395,0.008758101243650377,249
22606,675,915,2613.0,2267,23281,0.02899359993127443,0.039302435462394224,677
18809,689,644,1657.0,2129,19498,0.03533695763668068,0.03302902861831983,796
43842,2510,3386,385.0,7669,46352,0.05415084570245081,0.07304970659302727,1773
39372,1471,1439,9932.0,4686,40843,0.03601596356780844,0.03523247557721029,1776
17699,184,396,11902.0,1283,17883,0.010289101381200023,0.02214393558127831,703
14779,553,398,0.0,1465,15332,0.036068353769893036,0.02595877902426298,514
25547,1416,1374,2047.0,3678,26963,0.0525164113785558,0.050958721210547786,888
14961,190,164,0.0,867,15151,0.012540426374496733,0.010824368028512969,513
13842,273,306,0.0,1045,14115,0.01934112646121148,0.021679064824654624,466
21900,706,763,28.0,2301,22606,0.031230646730956383,0.03375210121206759,832
41627,2027,2347,13569.0,6337,43654,0.04643331653456728,0.05376368717643286,1963
10861,34,82,1718.0,323,10895,0.0031206975676916016,0.00752638825149151,207
18375,208,154,592.0,918,18583,0.011193025883872356,0.00828714416402088,556
10915,39,24,7337.0,220,10954,0.0035603432536059887,0.0021909804637575314,157
10298,9,26,1905.0,135,10307,0.0008731929756476181,0.00252255748520423,100
24530,875,1001,1259.0,2871,25405,0.03444203896870695,0.03940169258020075,995
29784,1387,1504,773.0,4362,31171,0.04449648711943794,0.04824997593917423,1471
14794,349,472,1909.0,1554,15143,0.02304695238724163,0.031169517268705014,733
9664,16,282,982.0,626,9680,0.001652892561983471,0.02913223140495868,328
16916,530,150,8506.0,1145,17446,0.030379456608964805,0.00859795941763155,465
11151,17,71,1117.0,368,11168,0.0015222063037249284,0.006357449856733525,280
11354,178,443,0.0,993,11532,0.015435310440513354,0.038414845646895596,372
24816,1273,1544,45.0,3493,26089,0.048794511096630765,0.0591820307409253,676
14111,9,281,2663.0,711,14120,0.0006373937677053824,0.01990084985835694,421
13923,97,170,3.0,614,14020,0.006918687589158345,0.012125534950071327,347
20905,1109,1407,5932.0,3228,22014,0.0503770327973108,0.06391387298991551,712
12691,151,217,0.0,664,12842,0.011758293100763121,0.01689767948917614,296
14269,8,612,4388.0,1069,14277,0.0005603418085031869,0.0428661483504938,449
16833,502,323,9.0,1285,17335,0.028958753965964812,0.018632823766945486,460
26649,1185,1665,5493.0,3783,27834,0.04257383056693253,0.05981892649277862,933
17811,285,599,2749.0,1535,18096,0.015749336870026526,0.033101237842617155,651
16176,684,652,697.0,1991,16860,0.040569395017793594,0.03867141162514828,655
12799,15,311,23.0,635,12814,0.0011705946620883408,0.02427032932729827,309
22173,1179,1502,1318.0,3644,23352,0.050488180883864336,0.06431997259335388,963
13228,669,735,1914.0,1922,13897,0.04813988630639707,0.05288911275814924,518
18678,178,244,2248.0,890,18856,0.009439966058549003,0.012940178192617734,468
11706,15,260,2673.0,541,11721,0.001279754287176862,0.02218240764439894,266
16212,217,145,1273.0,824,16429,0.013208351086493396,0.008825856716781301,462
12341,236,310,0.0,983,12577,0.01876441122684265,0.0246481672894967,437
9812,11,95,3971.0,256,9823,0.0011198208286674132,0.009671179883945842,150
18887,412,719,22.0,1842,19299,0.02134825638634126,0.03725581636354215,711
18514,645,765,112.0,2075,19159,0.033665640169111125,0.03992901508429459,665
16903,359,496,1088.0,1392,17262,0.020797126636542696,0.028733634573050632,537
12646,180,76,12.0,544,12826,0.014033993450803056,0.005925463901450179,288
18587,325,497,910.0,1560,18912,0.017184856175972926,0.026279610829103215,738
20732,515,438,1248.0,1585,21247,0.02423871605403116,0.020614675012943003,632
18805,554,909,2869.0,2168,19359,0.02861718063949584,0.04695490469549047,705
15921,175,119,616.0,657,16096,0.010872266401590457,0.007393141153081511,363
13903,5,86,1844.0,393,13908,0.00035950532067874607,0.006183491515674432,302
15319,22,43,4087.0,409,15341,0.0014340655759076983,0.0028029463529105013,344
20039,14,461,79.0,1035,20053,0.0006981499027576921,0.022989078940806863,560
14432,11,177,54.0,451,14443,0.0007616146230007616,0.012255071661012255,263
11422,12,31,6673.0,306,11434,0.001049501486793773,0.0027112121742172467,263
13746,175,259,5108.0,845,13921,0.0125709359959773,0.018604985274046405,411
14437,17,94,1866.0,456,14454,0.00117614501176145,0.0065033900650339005,345
14565,80,120,1777.0,665,14645,0.0054626152270399455,0.008193922840559918,465
14582,9,103,3648.0,473,14591,0.0006168185868000823,0.007059146048934275,361
11437,8,16,8690.0,309,11445,0.0006989951944080385,0.001397990388816077,285
18030,546,435,1254.0,1596,18576,0.029392764857881136,0.02341731266149871,615
9567,4,50,2300.0,242,9571,0.0004179291610072093,0.005224114512590116,188
12120,8,109,0.0,369,12128,0.0006596306068601583,0.008987467018469657,252
12819,173,258,1936.0,793,12992,0.013315886699507389,0.019858374384236453,362
12889,44,97,6265.0,541,12933,0.0034021495399365964,0.007500193303951133,400
12948,49,38,6147.0,482,12997,0.0037701007924905747,0.0029237516349926904,395
25582,695,757,1389.0,2322,26277,0.026448985805076684,0.028808463675457623,870
16538,24,190,4266.0,652,16562,0.0014491003501992514,0.011472044439077405,438
11005,17,181,2101.0,437,11022,0.0015423698058428597,0.016421702050444565,239
16448,45,252,1132.0,770,16493,0.0027284302431334504,0.015279209361547324,473
11986,208,353,1958.0,975,12194,0.017057569296375266,0.028948663277021485,414
11617,341,460,3712.0,1134,11958,0.028516474326810502,0.0384679712326476,333
12103,24,308,896.0,697,12127,0.0019790550012369094,0.02539787251587367,365
30960,1877,2440,377.0,5665,32837,0.05716112921399641,0.07430642263300545,1348
17192,567,557,16572.0,1727,17759,0.03192747339377217,0.03136437862492258,603
14469,213,387,2044.0,1171,14682,0.014507560277891296,0.026358806702084184,571
16162,463,577,160.0,1622,16625,0.027849624060150378,0.034706766917293234,582
15755,370,522,0.0,1478,16125,0.022945736434108528,0.03237209302325581,586
10809,12,248,2866.0,551,10821,0.0011089548100914888,0.022918399408557433,291
18875,524,453,1914.0,1687,19399,0.02701170163410485,0.023351719160781485,710
12069,6,60,10198.0,357,12075,0.0004968944099378882,0.004968944099378882,291
12296,55,331,3602.0,709,12351,0.0044530807222087285,0.026799449437292528,323
24154,848,1167,0.0,2735,25002,0.033917286617070636,0.0466762658987281,720
17816,377,716,79.0,1827,18193,0.020722255812675203,0.039355796185346015,734
11604,177,13,7952.0,561,11781,0.01502419149477973,0.001103471691706986,371
20131,522,1013,8349.0,2267,20653,0.025274778482544908,0.049048564373214545,732
16676,349,559,2443.0,1582,17025,0.0204992657856094,0.03283406754772394,674
27008,362,618,0.0,1932,27370,0.013226160029229083,0.02257946656923639,952
13724,189,298,0.0,857,13913,0.013584417451304535,0.021418816933802917,370
16851,192,195,0.0,945,17043,0.011265622249603943,0.011441647597254004,558
14483,534,489,288.0,1595,15017,0.03555969900779117,0.032563095158820006,572
10990,429,634,198.0,1493,11419,0.03756896400735616,0.055521499255626584,430
23437,680,955,0.0,2441,24117,0.02819587842600655,0.03959862337770038,806
13634,768,895,43.0,2211,14402,0.05332592695458964,0.06214414664629912,548
10521,12,217,2905.0,474,10533,0.0011392765593847907,0.0206019177822083,245
16539,181,601,496.0,1370,16720,0.01082535885167464,0.03594497607655502,588
12369,26,448,0.0,805,12395,0.0020976200080677692,0.03614360629286002,331
26852,1020,1445,19178.0,3364,27872,0.036595866819747414,0.05184414466130884,899
27154,1048,1042,3336.0,2861,28202,0.03716048507198071,0.036947734203248,771
16234,591,713,27.0,1825,16825,0.03512630014858841,0.04237741456166419,521
16223,30,250,1114.0,878,16253,0.0018458130806620317,0.015381775672183597,598
18321,842,1114,534.0,2649,19163,0.043938840473829774,0.05813286019934248,693
11867,206,374,5538.0,976,12073,0.01706286755570281,0.030978215853557527,396
20650,617,763,727.0,2098,21267,0.02901208445008699,0.03587718060845441,718
15943,372,447,1804.0,1387,16315,0.022801103279190927,0.027398099908060067,568
21516,694,932,659.0,2201,22210,0.03124718595227375,0.04196307969383161,575
30379,871,719,0.0,2616,31250,0.027872,0.023008,1026
22861,345,1250,25.0,2405,23206,0.01486684478152202,0.053865379643195724,810
14629,186,560,826.0,1248,14815,0.012554843064461694,0.03779952750590618,502
26106,872,808,4361.0,2703,26978,0.032322633256727705,0.02995032989843576,1023
16893,348,741,9.0,1518,17241,0.02018444405776927,0.04297894553680181,429
13236,346,236,70.0,980,13582,0.025474893241054338,0.017375938742453245,398
29066,885,1376,3.0,3391,29951,0.0295482621615305,0.04594170478448132,1130
50673,2056,2592,9270.0,6837,52729,0.03899182612983368,0.0491570103737981,2189
34019,1277,1474,0.0,4000,35296,0.03617973708068903,0.041761106074342705,1249
11911,10,389,2222.0,766,11921,0.0008388558006878617,0.03263149064675782,367
10506,43,528,1397.0,852,10549,0.004076215755047872,0.05005213764337852,281
16404,280,488,952.0,1388,16684,0.016782546152001917,0.0292495804363462,620
17890,579,941,1542.0,2087,18469,0.03134982944393308,0.05095024094428502,567
13085,211,375,0.0,1045,13296,0.015869434416365825,0.028203971119133572,459
16518,528,374,18115.0,1459,17046,0.030975008799718408,0.021940631233133872,557
22543,895,1254,5.0,2773,23438,0.038185852035156585,0.05350285860568308,624
17630,526,651,0.0,1897,18156,0.028971139017404713,0.035855915399867815,720
13597,17,110,2427.0,524,13614,0.0012487145585426767,0.008079917731746732,397
11088,10,76,2561.0,369,11098,0.0009010632546404757,0.006848080735267616,283
12896,8,276,6.0,605,12904,0.0006199628022318661,0.02138871667699938,321
14313,85,358,1455.0,863,14398,0.00590359772190582,0.024864564522850397,420
24536,1248,1682,0.0,4154,25784,0.048402109835556935,0.0652342538008067,1224
15055,383,664,0.0,1604,15438,0.024808913071641403,0.043010752688172046,557
19500,106,480,276.0,1301,19606,0.005406508211771906,0.024482301336325615,715
16332,898,679,3912.0,2223,17230,0.05211839814277423,0.039408009286128844,646
14692,522,556,2.0,1617,15214,0.034310503483633494,0.036545287235441044,539
21926,512,929,1137.0,2245,22438,0.02281843301542027,0.04140297709243248,804
14791,43,304,0.0,658,14834,0.0028987461237697182,0.02049346096804638,311
22225,756,890,0.0,2546,22981,0.03289674078586659,0.03872764457595405,900
13209,520,412,0.0,1195,13729,0.037876028844052737,0.030009469007211013,263
14782,22,240,2903.0,598,14804,0.0014860848419346122,0.01621183463928668,336
16191,625,711,0.0,1864,16816,0.03716698382492864,0.04228116079923882,528
10988,10,259,2180.0,498,10998,0.0009092562284051646,0.02354973631569376,229
40690,2027,2490,1215.0,6642,42717,0.047451834164384206,0.05829061029566683,2125
19752,774,932,0.0,2351,20526,0.03770827243496054,0.045405826756309074,645
33820,1636,2256,0.0,5439,35456,0.04614169675090253,0.06362815884476535,1547
30557,1889,2520,5435.0,5857,32446,0.05821981137890649,0.07766750909202984,1448
52602,750,790,39981.0,2390,53352,0.014057579847053532,0.014807317438896387,850
21295,48,473,0.0,863,21343,0.00224898093051586,0.02216183291945837,342
26698,1544,1593,16380.0,4343,28242,0.054670349125416046,0.05640535372848948,1206
10230,35,308,2828.0,548,10265,0.0034096444227959084,0.030004870920603995,205
17968,90,448,3753.0,1075,18058,0.0049839406357293165,0.024808948942297043,537
17903,383,352,15567.0,1339,18286,0.02094498523460571,0.019249699223449632,604
12131,258,498,955.0,1280,12389,0.020824925336992494,0.04019694890628783,524
13455,57,32,10773.0,634,13512,0.0042184724689165185,0.002368265245707519,545
13512,26,638,0.0,1104,13538,0.001920520017727877,0.04712660658886098,440
19362,984,1020,1401.0,2714,20346,0.04836331465644353,0.05013270421704512,710
10659,50,69,3980.0,378,10709,0.004668970025212438,0.006443178634793165,259
24653,858,718,5571.0,2328,25511,0.03363255066441927,0.028144721884677197,752
15231,203,322,2042.0,972,15434,0.013152779577556045,0.02086302967474407,447
10136,23,62,2199.0,411,10159,0.002264002362437248,0.006102962890048233,326
14977,41,138,758.0,732,15018,0.0027300572646157943,0.009188973232121454,553
11469,18,112,409.0,421,11487,0.0015669887699138157,0.009750152346130409,291
13633,16,2,10477.0,371,13649,0.001172247051066012,0.0001465308813832515,353
11686,28,96,1346.0,410,11714,0.002390302202492744,0.00819532183711798,286
13600,25,22,2626.0,385,13625,0.001834862385321101,0.0016146788990825688,338
16893,843,820,1207.0,2267,17736,0.04753044654939107,0.04623364907532702,604
12229,231,229,3661.0,874,12460,0.01853932584269663,0.018378812199036917,414
11492,39,136,890.0,535,11531,0.0033821871476888386,0.011794293643222617,360
12238,185,189,2417.0,773,12423,0.014891733075746599,0.01521371649360058,399
11061,43,54,7042.0,458,11104,0.003872478386167147,0.004863112391930836,361
10629,33,79,3239.0,472,10662,0.0030951041080472708,0.007409491652598012,360
15641,382,233,55754.0,1089,16023,0.02384072895213131,0.0145415964550958,474
15481,492,382,196.0,1287,15973,0.03080197833844613,0.023915357165216304,413
17359,556,395,2543.0,1793,17915,0.031035445157689086,0.022048562656991347,842
10461,301,802,6192.0,1306,10762,0.02796877903735365,0.07452146441181937,203
21203,842,638,15463.0,2430,22045,0.038194601950555684,0.02894080290315264,950
22371,123,197,0.0,375,22494,0.005468124833288877,0.00875789099315373,55
45112,160,221,2.0,580,45272,0.0035341933203746245,0.00488160452376745,199
69348,32,166,0.0,415,69380,0.00046122801960219085,0.0023926203516863647,217
23541,103,175,0.0,591,23644,0.004356284892573168,0.0074014549145660635,313
23325,52,66,0.0,196,23377,0.0022244086067502245,0.002823287847029131,78
34308,13,22,0.0,47,34321,0.00037877684216660354,0.0006410069636665598,12
47281,126,171,0.0,498,47407,0.0026578353407724596,0.0036070622481911953,201
20118,7,30,0.0,133,20125,0.00034782608695652176,0.0014906832298136647,96
52071,20,122,0.0,368,52091,0.000383943483519226,0.0023420552494672784,226
30198,197,594,0.0,1241,30395,0.006481329165981247,0.019542687942095738,450
28842,25,71,0.0,128,28867,0.0008660408078428655,0.0024595558942737384,32
25670,37,218,0.0,671,25707,0.001439296689617614,0.00848018049558486,416
28803,12,47,2.0,72,28815,0.00041644976574700676,0.0016310949158424431,13
23188,130,398,4.0,1018,23318,0.00557509220344798,0.017068359207479202,490
27116,108,31,0.0,309,27224,0.0039670878636497205,0.001138701146047605,170
21220,84,47,0.0,258,21304,0.003942921517085993,0.0022061584678933536,127
34552,97,431,0.0,656,34649,0.002799503593177292,0.012439031429478484,128
17385,27,113,0.0,223,17412,0.0015506547208821502,0.006489777165173444,83
35993,32,323,0.0,415,36025,0.0008882720333102012,0.008965995836224844,60
30742,79,17,6383.0,152,30821,0.002563187437137017,0.0005515719801434088,56
9815,48,11,3017.0,92,9863,0.004866673425935314,0.0011152793267768428,33
22265,85,128,0.0,719,22350,0.003803131991051454,0.005727069351230425,506
45825,143,170,0.0,702,45968,0.003110859728506787,0.0036982248520710057,389
23016,162,285,0.0,1577,23178,0.006989386487186125,0.012296142894123738,1130
19030,27,74,24327.0,419,19057,0.0014168022249042348,0.003883087579367162,318
30688,186,130,0.0,1002,30874,0.00602448662304852,0.004210662693528535,686
17876,45,72,0.0,517,17921,0.002511020590368841,0.004017632944590146,400
36863,205,427,0.0,1109,37068,0.005530376605158088,0.01151936980684148,477
28678,85,59,17936.0,210,28763,0.0029551854813475646,0.0020512463929353683,66
37767,78,70,0.0,266,37845,0.0020610384462940944,0.0018496498876998282,118
15199,7,110,0.0,173,15206,0.0004603446008154676,0.007233986584243062,56
14176,49,192,1021.0,358,14225,0.0034446397188049207,0.013497363796133567,117
14043,104,198,0.0,807,14147,0.007351381918427935,0.013995900190853184,505
37250,72,142,0.0,325,37322,0.0019291570655377524,0.0038047264348105674,111
15234,48,58,0.0,146,15282,0.0031409501374165686,0.003795314749378354,40
16944,30,141,0.0,282,16974,0.0017674089784376105,0.00830682219865677,111
33045,46,282,0.0,473,33091,0.0013901060711371672,0.008521954610014808,145
24896,50,31,19279.0,188,24946,0.002004329351399022,0.0012426841978673937,107
14234,27,161,0.0,355,14261,0.001893275366383844,0.011289530888436997,167
18876,94,170,2.0,726,18970,0.004955192409066948,0.008961518186610437,462
33247,203,446,0.0,789,33450,0.006068759342301943,0.013333333333333334,140
21611,222,183,0.0,453,21833,0.010168094169376632,0.008381807355837493,48
26394,116,100,0.0,270,26510,0.004375707280271595,0.003772161448509996,54
35225,32,24,2047.0,129,35257,0.0009076211816093258,0.0006807158862069943,73
28723,42,21,0.0,119,28765,0.001460107769859204,0.000730053884929602,56
14484,28,14,0.0,72,14512,0.0019294377067254685,0.0009647188533627343,30
13493,41,111,0.0,187,13534,0.0030294074183537757,0.008201566425299246,35
13072,22,78,0.0,136,13094,0.0016801588513823125,0.005956926836719108,36
25352,67,243,0.0,387,25419,0.0026358235965222867,0.009559778118730084,77
36710,42,167,0.0,258,36752,0.0011427949499346975,0.004543970396168916,49
17259,37,54,0.0,139,17296,0.002139222941720629,0.003122109158186864,48
20457,12,94,0.0,215,20469,0.0005862523816503004,0.004592310322927354,109
18532,41,288,324.0,505,18573,0.002207505518763797,0.015506380229365208,176
24884,41,108,0.0,280,24925,0.0016449348044132398,0.004332998996990973,131
14371,7,81,0.0,169,14378,0.0004868549172346641,0.005633606899429685,81
13868,8,48,6805.0,144,13876,0.0005765350245027386,0.003459210147016431,88
31335,100,111,0.0,523,31435,0.003181167488468268,0.0035310959121997772,312
38807,142,176,0.0,777,38949,0.0036457932167706488,0.004518729620786156,459
22226,139,35,0.0,231,22365,0.006215068186899173,0.001564945226917058,57
40066,37,220,0.0,394,40103,0.0009226242425753685,0.005485873874772461,137
29757,115,87,0.0,374,29872,0.003849758971612212,0.002912426352437065,172
17418,26,39,0.0,141,17444,0.0014904838339830314,0.002235725750974547,76
12660,18,178,3976.0,450,12678,0.001419782300047326,0.014040069411579113,254
8815,88,167,6675.0,609,8903,0.009884308660002247,0.018757722116140626,354
22094,49,285,10397.0,574,22143,0.002212888949103554,0.012870884703969653,240
28983,122,221,7175.0,638,29105,0.004191719635801409,0.00759319704518124,295
19414,63,52,0.0,223,19477,0.003234584381578272,0.0026698156800328593,108
19716,78,232,0.0,659,19794,0.003940588056986966,0.011720723451550974,349
31406,249,194,14211.0,1424,31655,0.00786605591533723,0.0061285736850418574,981
30978,35,82,2511.0,215,31013,0.0011285589913907071,0.002644052494115371,98
27908,135,350,0.0,1161,28043,0.00481403558820383,0.012480833006454374,676
14847,28,93,0.0,268,14875,0.0018823529411764706,0.006252100840336134,147
24529,243,403,1437.0,1495,24772,0.009809462296140804,0.016268367511706766,849
22488,24,309,14068.0,675,22512,0.0010660980810234541,0.013726012793176973,342
22004,274,233,5878.0,1612,22278,0.012299129185743784,0.010458748541161684,1105
22100,68,201,4652.0,655,22168,0.003067484662576687,0.009067123782028149,386
21254,211,423,6696.0,1403,21465,0.009829955741905427,0.019706498951781972,769
13377,36,220,13133.0,500,13413,0.0026839633191679713,0.016401998061582046,244
13102,58,220,3809.0,463,13160,0.004407294832826748,0.016717325227963525,185
28877,20,23,6934.0,62,28897,0.0006921133681697062,0.0007959303733951622,19
13960,54,144,0.0,317,14014,0.0038532895675752817,0.010275438846867418,119
17587,24,16,0.0,96,17611,0.0013627846232468343,0.0009085230821645562,56
23851,83,68,21730.0,472,23934,0.0034678699757666916,0.0028411464861703016,321
11430,49,211,0.0,430,11479,0.004268664517815141,0.018381392107326422,170
26409,93,21,0.0,139,26502,0.00350916911931175,0.000792393026941363,25
25772,138,245,0.0,719,25910,0.005326128907757623,0.009455808568120417,336
63772,24,38,0.0,116,63796,0.0003761991347419901,0.000595648630008151,54
16712,33,96,0.0,193,16745,0.001970737533592117,0.005733054643177068,64
19670,119,51,3.0,178,19789,0.006013441811107181,0.002577189347617363,8
22744,70,340,0.0,614,22814,0.003068291400017533,0.014903129657228018,204
21656,53,112,0.0,237,21709,0.0024413837578884335,0.0051591505827076325,72
24206,91,88,0.0,447,24297,0.003745318352059925,0.003621846318475532,268
21817,181,184,0.0,493,21998,0.008228020729157196,0.008364396763342122,128
24946,43,81,0.0,272,24989,0.001720757133138581,0.0032414262275401178,148
17172,113,274,0.0,561,17285,0.006537460225629158,0.015851894706392824,174
17398,75,86,0.0,248,17473,0.004292336748125679,0.004921879471184112,87
28996,19,35,0.0,127,29015,0.0006548337067034292,0.0012062726176115801,73
29723,186,259,6922.0,772,29909,0.006218863887124277,0.008659600789060149,327
17359,54,60,0.0,155,17413,0.0031011313386550277,0.0034457014873944753,41
41013,64,190,0.0,383,41077,0.0015580495167612045,0.004625459502884826,129
20621,83,106,0.0,273,20704,0.004008887171561051,0.0051197836166924264,84
17061,54,115,0.0,374,17115,0.0031551270815074494,0.006719252118025124,205
12775,149,113,13589.0,625,12924,0.01152893840916125,0.00874342308882699,363
28078,114,86,0.0,518,28192,0.004043700340522134,0.003050510783200908,318
41686,30,29,0.0,154,41716,0.0007191485281426791,0.0006951769105379231,95
28642,36,71,53.0,258,28678,0.0012553176651091428,0.0024757653950763653,151
27666,25,69,0.0,164,27691,0.0009028204109638511,0.002491784334260229,70
31869,67,342,0.0,585,31936,0.002097945891783567,0.010708917835671343,176
31003,40,203,0.0,562,31043,0.0012885352575459847,0.006539316432045872,319
28494,196,24,0.0,295,28690,0.006831648658069013,0.0008365284071104915,75
34067,49,165,0.0,314,34116,0.0014362762340250908,0.004836440379880408,100
23559,38,73,0.0,241,23597,0.0016103742001101836,0.0030936135949485104,130
19594,26,84,0.0,175,19620,0.0013251783893985728,0.004281345565749235,65
37741,145,206,2356.0,2206,37886,0.003827271287546851,0.005437364725756216,1855
27236,65,84,10810.0,1405,27301,0.002380865169774001,0.0030768103732464014,1256
35864,63,154,0.0,269,35927,0.0017535558215269853,0.004286469785954853,52
24593,14,29,0.0,74,24607,0.0005689437964806763,0.001178526435567115,31
50532,382,285,6.0,1486,50914,0.007502847939662961,0.005597674509957969,819
13623,73,119,7450.0,310,13696,0.005330023364485981,0.008688668224299066,118
21766,25,55,9101.0,140,21791,0.0011472626313615713,0.002523977788995457,60
14010,23,85,0.0,317,14033,0.0016389938003277987,0.0060571510012114305,209
17121,26,93,40.0,186,17147,0.001516300227445034,0.005423689275091853,67
96575,5,100,0.0,145,96580,5.1770552909505074e-05,0.0010354110581901014,40
31228,11,43,152.0,94,31239,0.0003521239476295656,0.0013764845225519382,40
28915,79,142,0.0,421,28994,0.002724701662412913,0.004897565013451059,200
31626,31,19,0.0,102,31657,0.0009792462962377989,0.0006001832138231671,52
18695,48,106,0.0,252,18743,0.0025609560902737022,0.005655444699354426,98
18781,36,101,0.0,201,18817,0.0019131636286336823,0.005367486847000053,64
20551,71,92,11562.0,405,20622,0.0034429250315197364,0.00446125497041994,242
26486,70,123,0.0,262,26556,0.002635939147461967,0.004631721644826028,69
14724,15,102,0.0,236,14739,0.0010177081213108082,0.006920415224913495,119
14737,41,65,0.0,146,14778,0.0027743943700094735,0.0043984300987955065,40
15955,252,266,3.0,661,16207,0.015548836922317517,0.016412661195779603,143
18554,26,110,0.0,176,18580,0.0013993541442411195,0.005920344456404736,40
12919,101,233,484.0,1008,13020,0.007757296466973886,0.017895545314900153,674
24739,54,16,5.0,163,24793,0.0021780341225345863,0.0006453434437139515,93
81812,125,384,0.0,775,81937,0.0015255623222719895,0.004686527454019551,266
52597,131,319,0.0,638,52728,0.00248444849036565,0.006049916552875133,188
18295,101,42,3.0,179,18396,0.005490323983474668,0.00228310502283105,36
54527,35,41,21596.0,222,54562,0.0006414720868003372,0.0007514387302518236,146
12514,27,160,10954.0,290,12541,0.0021529383621720754,0.012758153257316003,103
17722,5,5,20339.0,79,17727,0.00028205562136853385,0.00028205562136853385,69
79170,311,247,0.0,1266,79481,0.003912884840402108,0.003107660950415823,708
20563,141,307,0.0,597,20704,0.006810278207109737,0.014828052550231839,149
69430,121,123,0.0,509,69551,0.0017397305574326752,0.0017684864344150336,265
86426,527,284,0.0,1239,86953,0.006060745460191138,0.0032661322783572736,428
25005,54,20,0.0,115,25059,0.0021549144020112532,0.0007981164451893531,41
22773,55,366,0.0,577,22828,0.00240932188540389,0.01603294200105134,156
23144,28,11,0.0,90,23172,0.001208354911099603,0.0004747108579319869,51
25812,44,22,19943.0,120,25856,0.0017017326732673267,0.0008508663366336634,54
61315,56,59,0.0,231,61371,0.000912483094621238,0.0009613661175473758,116
20255,81,57,16805.0,231,20336,0.003983084185680567,0.0028029110936270652,93
24866,58,171,0.0,361,24924,0.002327074305889905,0.0068608570052961,132
20341,124,160,0.0,490,20465,0.0060591253359394085,0.007818226239921818,206
40449,165,49,0.0,326,40614,0.00406263849903974,0.001206480523957256,112
202524,455,532,8777.0,1782,202979,0.0022416112011587404,0.0026209607890471426,795
13488,12,176,2.0,216,13500,0.0008888888888888889,0.013037037037037036,28
42929,41,127,0.0,256,42970,0.0009541540609727717,0.0029555503839888294,88
24390,68,40,30.0,223,24458,0.002780276392182517,0.0016354567012838335,115
13780,5,55,0.0,81,13785,0.0003627130939426913,0.003989844033369605,21
23949,77,42,0.0,349,24026,0.0032048614001498376,0.0017481062182635478,230
24504,18,48,0.0,85,24522,0.0007340347443112308,0.0019574259848299485,19
25406,413,564,0.0,1104,25819,0.015995971958635113,0.021844378171114294,127
23447,25,36,0.0,74,23472,0.001065098841172461,0.0015337423312883436,13
22579,102,159,12.0,406,22681,0.004497156210043649,0.007010272915656276,145
15449,30,21,0.0,73,15479,0.0019381096970088507,0.0013566767879061954,22
23541,166,55,0.0,259,23707,0.007002151263339942,0.002319989876407812,38
29631,50,47,0.0,142,29681,0.0016845793605336748,0.0015835045989016543,45
25254,90,91,0.0,272,25344,0.0035511363636363635,0.0035905934343434345,91
13549,14,35,210.0,85,13563,0.0010322200103222,0.0025805500258055,36
26894,28,146,0.0,220,26922,0.0010400416016640667,0.005423074065819776,46
38575,103,106,0.0,383,38678,0.0026630125652825896,0.0027405760380578106,174
27720,116,177,0.0,465,27836,0.0041672654116970825,0.006358672223020549,172
51734,68,69,0.0,319,51802,0.0013126906297054168,0.0013319949036716728,182
36146,148,425,0.0,766,36294,0.004077809004243126,0.011709924505427894,193
43398,24,109,0.0,221,43422,0.0005527152134862512,0.0025102482612500577,88
12165,56,92,0.0,201,12221,0.004582276409459128,0.00752802552982571,53
2342500,11746,10864,5969529.0,28757,2354246,0.004989283193005319,0.0046146409508607,6147
788254,342,280,1652801.0,1198,788596,0.00043368213888987515,0.0003550614002607165,576
2174984,1172,1043,6388241.0,3663,2176156,0.0005385643308659857,0.000479285492400361,1448
117804,936,1405,163602.0,2871,118740,0.007882769075290551,0.011832575374768402,530
217231,171,94,0.0,473,217402,0.0007865613011839818,0.00043237872696663324,208
1963624,2932,1868,4259057.0,7171,1966556,0.0014909313541033157,0.0009498839595719624,2371
40398,64,58,0.0,187,40462,0.001581731006870644,0.0014334437249765213,65
1209914,961,909,1532106.0,3167,1210875,0.0007936409621141737,0.0007506968101579437,1297
81340,55,72,0.0,224,81395,0.0006757171816450642,0.0008845752196080841,97
2466361,1387,1614,13379356.0,5495,2467748,0.0005620509063324132,0.000654037608378165,2494
29446,29,142,0.0,241,29475,0.0009838846480067854,0.0048176420695504665,70
17321,47,65,0.0,182,17368,0.0027061262091202212,0.0037425149700598802,70
21354,21,82,0.0,164,21375,0.0009824561403508772,0.0038362573099415204,61
21921,23,324,613.0,404,21944,0.001048122493620124,0.014764855997083486,57
20554,57,132,0.0,250,20611,0.0027655135607200037,0.006404347193246325,61
21606,93,221,0.0,374,21699,0.004285911793170193,0.010184801142909811,60
2135364,1371,1136,4857969.0,4960,2136735,0.0006416331458978301,0.0005316522638511561,2453
1375929,617,768,13127064.0,2201,1376546,0.00044822330674020337,0.0005579181516636567,816
23425,50,349,0.0,489,23475,0.002129925452609159,0.014866879659211928,90
380881,2211,852,2440515.0,3748,383092,0.00577145959717248,0.0022240088542699924,685
16777,219,60,72.0,305,16996,0.012885384796422688,0.0035302424099788185,26
16580,477,19,122.0,519,17057,0.02796505833382189,0.0011139121768189014,23
72672,150,287,71397.0,653,72822,0.002059817088242564,0.003941116695504106,216
12640,16,513,0.0,536,12656,0.0012642225031605564,0.040534134007585335,7
102702,53,62,109572.0,177,102755,0.0005157899858887645,0.0006033769646245925,62
143332,254,187,297112.0,580,143586,0.0017689746911258757,0.001302355382836767,139
36432,356,476,201.0,1145,36788,0.00967706860932913,0.012939001848428836,313
25209,80,16,19735.0,181,25289,0.0031634307406382223,0.0006326861481276444,85
18120,7,20,2.0,60,18127,0.0003861642853202405,0.0011033265294864015,33
22768,91,67,10987.0,255,22859,0.003980926549717836,0.002931011855286758,97
13994,50,92,9973.0,200,14044,0.0035602392480774707,0.006550840216462546,58
12115,34,64,0.0,129,12149,0.0027985842456169233,0.005267923285867149,31
14554,142,224,4843.0,506,14696,0.009662493195427327,0.015242242787152967,140
