match,insertion,deletion,soft_clipping,NM,lengths,INS_readLength,DEL_readLength,NM_INS_DEL
1711132,1352,1027,8050731.0,3831,1712484,0.0007894964274118765,0.0005997136323609447,1452
3328481,14818,14217,57955959.0,37040,3343299,0.004432149203526217,0.004252386639663398,8005
23423,77,218,23812.0,458,23500,0.003276595744680851,0.00927659574468085,163
13114,99,114,0.0,257,13213,0.007492620903655491,0.008627866495118444,44
37000,26,52,15220.0,237,37026,0.000702209258358991,0.001404418516717982,159
2391257,1283,1013,11676345.0,4250,2392540,0.0005362501776354836,0.00042339939980104825,1954
135772,22,148,0.0,194,135794,0.00016201010353918436,0.0010898861510817857,24
249377,130,99,0.0,265,249507,0.000521027466163274,0.0003967824550012625,36
51616,25,78,0.0,108,51641,0.0004841114618229701,0.0015104277608876668,5
69665,20,8,0.0,29,69685,0.0002870058118676903,0.00011480232474707613,1
98927,93,165,0.0,329,99020,0.0009392042011714805,0.0016663300343364978,71
31223,274,186,0.0,554,31497,0.008699241197574372,0.005905324316601581,94
23007,383,305,993.0,884,23390,0.016374519025224455,0.013039760581445061,196
13722,403,242,19605.0,899,14125,0.028530973451327435,0.017132743362831857,254
293361,502,887,69437.0,2286,293863,0.0017082790279824272,0.003018413342271739,897
27341,57,191,14310.0,438,27398,0.0020804438280166435,0.006971311774582086,190
64394,2,17,0.0,19,64396,3.105782967886204e-05,0.00026399155227032733,0
41250,92,95,21739.0,328,41342,0.002225339848096367,0.0022979052779255964,141
171939,73,412,251444.0,730,172012,0.00042438899611655,0.002395181731507104,245
158078,556,629,44407.0,1839,158634,0.0035049232825245533,0.003965102058827237,654
24439,14,14,0.0,32,24453,0.000572526888316362,0.000572526888316362,4
20739,13,21,50942.0,69,20752,0.0006264456437933693,0.0010119506553585196,35
12097,44,151,0.0,228,12141,0.003624083683386871,0.012437196277077671,33
42697,13,4,4512.0,17,42710,0.0003043783657223133,9.365488176071178e-05,0
12616,978,216,129458.0,1593,13594,0.0719435044872738,0.01588936295424452,399
16299,424,402,99699.0,975,16723,0.025354302457692997,0.024038749028284397,149
14265,526,684,52786.0,1669,14791,0.03556216618213778,0.04624433777297005,459
14379,292,570,45375.0,1383,14671,0.01990321041510463,0.03885215731715629,521
14271,523,678,41173.0,1661,14794,0.035352169798566986,0.04582939029336217,460
7808,141,76,17031.0,434,7949,0.017738080261668135,0.009560951063026795,217
16205,471,491,21541.0,1536,16676,0.02824418325737587,0.02944351163348525,574
11021,325,353,37124.0,1094,11346,0.028644456196016216,0.031112286268288384,416
16135,667,474,66256.0,1640,16802,0.03969765504106654,0.028210927270563027,499
16061,666,548,26994.0,1703,16727,0.03981586656304179,0.03276140371853889,489
16045,671,490,10130.0,1648,16716,0.040141182100981096,0.02931323283082077,487
13639,383,526,8356.0,1356,14022,0.02731422051062616,0.037512480387961775,447
10374,89,259,44865.0,779,10463,0.00850616457994839,0.02475389467647902,431
7457,10,2,19059.0,103,7467,0.0013392259274139548,0.00026784518548279097,91
54487,6,16,73103.0,42,54493,0.00011010588515956178,0.0002936156937588314,20
24836,395,422,6879.0,1799,25231,0.015655344615750466,0.016725456779358727,982
38626,490,513,4304.0,2573,39116,0.012526843235504653,0.013114837917987524,1570
39977,264,554,48291.0,2709,40241,0.006560473149275614,0.013767053502646554,1891
29649,310,245,40093.0,703,29959,0.010347474882339197,0.008177843052171301,148
26703,70,161,24850.0,252,26773,0.002614574384641243,0.006013521084674859,21
33375,526,436,20525.0,1222,33901,0.015515766496563523,0.012860977552284594,260
89925,936,956,8729.0,2372,90861,0.01030144946676792,0.010521565908365525,480
210565,712,749,24961.0,2692,211277,0.0033699834814011937,0.0035451090274852444,1231
26766,221,190,7602.0,561,26987,0.008189128098714195,0.0070404268721977244,150
13694,55,91,11491.0,217,13749,0.004000290930249473,0.006618663175503673,71
10136,39,70,4438.0,173,10175,0.003832923832923833,0.0068796068796068794,64
88348,94,164,0.0,776,88442,0.0010628434454218584,0.001854322606906221,518
56360,76,53,12769.0,344,56436,0.001346658161457226,0.0009391168757530654,215
43728,107,192,130.0,1005,43835,0.0024409718261663056,0.004380061594616174,706
35506,140,259,2238.0,1348,35646,0.0039275093979689165,0.007265892386242496,949
17850,20,25,0.0,52,17870,0.001119194180190263,0.0013989927252378287,7
32663,110,108,0.0,408,32773,0.003356421444481738,0.0032953956000366155,190
101712,54,113,0.0,235,101766,0.0005306290902659041,0.0011103905037045771,68
103533,287,437,82689.0,2273,103820,0.002764399922943556,0.004209208245039491,1549
67630,72,176,0.0,389,67702,0.0010634840920504564,0.0025996277805677825,141
53516,1271,1522,628.0,5513,54787,0.02319893405369887,0.02778031284793838,2720
41848,1544,1529,0.0,4803,43392,0.03558259587020649,0.035236910029498525,1730
38150,682,1737,0.0,3532,38832,0.017562834775442935,0.04473114956736712,1113
23882,338,1836,33.0,2762,24220,0.013955408753096614,0.07580511973575557,588
185181,6355,6291,21958.0,22129,191536,0.033179141258040265,0.03284500041767605,9483
52299,2251,2311,87.0,6872,54550,0.041264894592117324,0.04236480293308891,2310
37884,1250,1233,0.0,3906,39134,0.03194153421577145,0.03150712935043696,1423
85332,829,1332,32435.0,3610,86161,0.009621522498578243,0.015459430600851894,1449
23492,30,125,179.0,1210,23522,0.0012754017515517388,0.005314173964798912,1055
16653,66,80,244.0,908,16719,0.003947604521801543,0.0047849751779412645,762
37196,53,103,0.0,1330,37249,0.0014228569894493813,0.002765174904024269,1174
94620,54,93,8228.0,317,94674,0.000570378350972812,0.0009823182711198428,170
43520,143,540,27614.0,868,43663,0.0032750841673728328,0.01236745070196734,185
47608,40,16,41286.0,75,47648,0.0008394895903290799,0.000335795836131632,19
37701,272,282,6.0,1294,37973,0.0071629842256340035,0.007426329233929371,740
100908,18,356,7357.0,391,100926,0.00017834849295523454,0.003527336860670194,17
119685,135,342,116923.0,904,119820,0.001126690035052579,0.0028542814221331997,427
53533,173,360,0.0,648,53706,0.003221241574498194,0.006703161657915317,115
187466,646,917,58742.0,3531,188112,0.0034341243514502,0.004874755464829464,1968
682134,268,464,177650.0,1009,682402,0.00039273038472923587,0.0006799511138595725,277
60788,419,774,18580.0,2805,61207,0.006845622232751156,0.012645612429950822,1612
324313,217,90,0.0,429,324530,0.000668659291899054,0.00027732413028071364,122
104190,56,150,0.0,387,104246,0.000537190875429273,0.0014389041306141243,181
18733,147,142,25429.0,1033,18880,0.007786016949152543,0.007521186440677966,744
54311,45,56,20598.0,155,54356,0.000827875487526676,0.001030245051144308,54
738630,424,184,487141.0,877,739054,0.0005737063868134128,0.00024896692257940555,269
35291,21,29,0.0,125,35312,0.0005946986859990937,0.000821250566379701,75
51154,302,243,15620.0,643,51456,0.005869092039800995,0.004722481343283582,98
98427,49,80,64933.0,332,98476,0.0004975831674722775,0.0008123806815873918,203
11017,26,75,0.0,169,11043,0.002354432672281083,0.006791632708503124,68
1537408,516,596,7463087.0,1948,1537924,0.00033551722972006417,0.00038753540487046175,836
1353192,588,828,2.0,2937,1353780,0.00043433940522093694,0.0006116207951070336,1521
322988,81,313,300343.0,581,323069,0.00025072043433446104,0.0009688332832924236,187
709021,400,559,627382.0,1822,709421,0.0005638400893122702,0.0007879665248138975,863
500,76,3,41031.0,128,576,0.13194444444444445,0.005208333333333333,49
78304,72,82,2837.0,276,78376,0.0009186485658875166,0.001046238644483005,122
332528,460,362,0.0,1143,332988,0.0013814311626845412,0.0010871262628082694,321
79651,44,151,0.0,356,79695,0.0005521048999309869,0.0018947236338540687,161
654991,211,205,86775.0,805,655202,0.0003220380890168223,0.0003128806078125525,389
55864,22,94,0.0,180,55886,0.00039365851912822534,0.0016819954908205992,64
151730,131,191,223395.0,937,151861,0.0008626309585739591,0.0012577291075391312,615
44268,38,62,0.0,107,44306,0.0008576716471809687,0.0013993590032952646,7
438719,523,1411,139550.0,2439,439242,0.0011906875936272033,0.00321235218854299,505
931632,609,797,95559.0,2195,932241,0.0006532645528355865,0.0008549291438587233,789
64448,96,126,0.0,356,64544,0.001487357461576599,0.001952156668319286,134
83371,79,280,0.0,417,83450,0.0009466746554823248,0.0033553025763930497,58
87785,77,249,0.0,548,87862,0.0008763743142655528,0.0028339896656119825,222
28905,123,71,0.0,213,29028,0.00423728813559322,0.002445914289651371,19
2761874,1568,1483,13775548.0,5354,2763442,0.0005674083262829471,0.0005366495841056191,2303
54597,716,931,19167.0,2323,55313,0.012944515755789778,0.016831486269050674,676
320613,342,350,196959.0,1915,320955,0.0010655699397111745,0.0010904955523359972,1223
84253,35,73,0.0,310,84288,0.00041524297646165526,0.0008660782080485953,202
96761,72,175,2.0,498,96833,0.0007435481705616887,0.0018072351367818822,251
57100,271,180,24077.0,506,57371,0.004723640863851074,0.0031374736365062487,55
25321,43,68,0.0,122,25364,0.0016953161961835673,0.002680965147453083,11
27496,25,49,0.0,93,27521,0.0009083972239380836,0.001780458558918644,19
400380,232,130,162879.0,718,400612,0.0005791139556478587,0.0003245035096302657,356
40337,228,404,0.0,1099,40565,0.005620608899297424,0.009959324540860348,467
24150,13,22,2820.0,102,24163,0.0005380126639903985,0.0009104829698299052,67
58482,132,109,13509.0,403,58614,0.0022520217013000305,0.0018596239806189649,162
235182,391,306,55370.0,2010,235573,0.0016597827425044467,0.001298960407177393,1313
9036,41,246,0.0,377,9077,0.004516910873636664,0.027101465241819986,90
162950,421,429,158327.0,1551,163371,0.0025769567426287407,0.0026259250417760803,701
79752,361,996,32773.0,3046,80113,0.004506135084193576,0.012432439179658732,1689
86094,220,513,0.0,2869,86314,0.0025488333294714648,0.005943415900085734,2136
29016,36,137,2046.0,284,29052,0.0012391573729863693,0.004715682224975906,111
85128,77,177,143602.0,582,85205,0.0009037028343407077,0.0020773428789390294,328
41292,137,436,4597.0,827,41429,0.00330686234280335,0.010524029061768327,254
21934,148,128,12260.0,395,22082,0.006702291459106965,0.005796576397065483,119
3963583,1817,1839,103675927.0,7223,3965400,0.0004582135471831341,0.00046376153729762445,3567
38363,109,144,0.0,292,38472,0.002833229361613641,0.0037429819089207735,39
338253,558,266,1771860.0,1170,338811,0.0016469359023172211,0.0007850984767318653,346
